-0.361129,0.044561,-0.091755,-0.462559,-0.005671,-0.005094,-0.013401,-0.022118,-0.003134
-0.212249,0.578895,0.299100,0.104468,-0.599728,-0.658802,-0.022210,-0.635636,-0.592461
-0.085679,0.729615,0.252865,0.941976,-0.745411,-0.810268,0.764957,-0.729464,-0.730958
-0.320932,-0.009719,-0.058923,-0.474269,0.047919,-0.008260,-0.195643,0.007849,0.038971
0.422445,-0.302837,-0.299792,0.322375,0.481950,0.437612,0.659270,0.654514,0.465169
0.024183,0.533070,0.494424,0.148506,-0.561792,-0.576565,0.137752,-0.543199,-0.502995
-0.106538,0.603693,0.346275,0.186764,-0.593295,-0.676918,0.155901,-0.640916,-0.591143
0.200518,0.192953,0.103991,1.018046,-0.265249,-0.253017,0.702212,-0.147456,-0.251226
0.602721,-0.007277,0.224440,0.295171,-0.048272,-0.038756,-0.087240,-0.029078,-0.021021
-0.579661,0.073359,-0.116859,-0.750415,-0.067032,-0.050088,-0.147826,-0.080439,-0.050687
-0.115825,0.056850,0.032798,-0.093262,-0.068120,-0.065178,0.131515,-0.066082,-0.045120
-0.111383,0.618644,0.391785,0.313953,-0.643783,-0.705744,0.128974,-0.654952,-0.628319
1.175522,-0.550622,-0.313887,0.014310,0.765840,0.655245,-0.329286,0.788300,0.739831
0.070871,0.050533,-0.110945,0.681750,-0.082047,-0.070928,0.734308,-0.054789,-0.035116
-0.141245,0.669285,0.345853,0.457339,-0.667052,-0.734789,0.378500,-0.683356,-0.658388
0.218859,0.727093,0.389513,0.856259,-0.700471,-0.827118,0.320272,-0.660652,-0.716238
0.462873,-0.232339,-0.253885,0.447466,0.341121,0.226394,0.198061,0.676663,0.282928
0.174769,0.557818,0.366224,0.386545,-0.582602,-0.657699,-0.071318,-0.620124,-0.581683
0.050711,0.173555,0.018468,1.100520,-0.284750,-0.232256,0.942870,-0.126136,-0.167569
-0.034271,-0.043743,0.034871,-0.398792,0.041943,0.014888,-0.202035,0.029583,0.041566
-0.035356,-0.016762,-0.005108,-0.287748,0.055968,0.005263,0.080450,0.003234,0.046794
1.742926,-0.646410,-0.471783,0.274360,0.955986,0.802204,-0.280611,0.891445,0.898469
0.371861,-0.264673,-0.336916,0.247593,0.351930,0.250500,0.266190,0.679617,0.313570
-0.142466,-0.067478,-0.213794,-0.446638,0.098513,0.079348,-0.330554,0.078381,0.079110
0.031537,0.716985,0.183782,0.887212,-0.645721,-0.791582,0.536106,-0.648231,-0.657054
0.514446,-0.114788,-0.083791,0.044321,0.178787,0.094565,-0.201895,0.082192,0.150734
1.183022,-0.276222,0.157266,0.422067,0.416130,0.393411,0.197487,0.633585,0.369169
0.798535,-0.333412,-0.150990,0.398532,0.567377,0.483086,0.412299,0.670310,0.520576
0.404561,0.637137,0.548911,0.781177,-0.694796,-0.752265,0.421900,-0.688601,-0.666012
0.440449,-0.039567,-0.268629,0.825544,0.183117,0.081685,0.808000,0.116717,0.127466
0.053007,0.634265,0.510151,0.462170,-0.679071,-0.727663,0.215725,-0.664625,-0.667588
-0.055341,-0.024371,-0.021992,-0.339064,0.059127,0.003612,-0.160801,0.017806,0.052090
-0.154566,-0.017218,-0.133004,-0.337850,0.048804,0.027767,-0.075061,0.028608,0.038823
0.009959,0.052912,0.074930,-0.001497,-0.019664,-0.040670,0.024113,-0.038542,-0.030208
-0.259467,0.017914,0.004270,-0.301412,-0.013865,-0.013243,-0.059488,-0.021670,-0.010564
0.235687,-0.109983,-0.190543,0.038468,0.147166,0.098281,-0.091549,0.137552,0.118996
-0.147249,0.756707,0.301546,0.670438,-0.697533,-0.817196,0.437698,-0.678336,-0.708786
0.054248,-0.001954,0.016144,-0.097247,0.000867,-0.022693,0.002292,-0.012582,0.021550
0.211696,-0.070230,-0.122149,0.006223,0.138897,0.063698,-0.089617,0.066259,0.140636
-0.121190,0.117041,0.136493,0.033823,-0.144875,-0.138097,0.111689,-0.089698,-0.089168
0.502516,-0.387806,-0.379264,0.039416,0.542204,0.485357,0.110256,0.707262,0.526986
0.132421,-0.088840,-0.195182,0.010823,0.122938,0.090411,-0.171492,0.104447,0.110734
-0.059081,-0.007937,-0.056022,-0.175932,0.044355,0.019286,-0.105496,0.015512,0.044803
0.587118,0.039314,0.221217,0.327433,-0.126222,-0.120290,-0.072711,-0.052982,-0.097137
-0.162156,0.644377,0.396992,0.335619,-0.663938,-0.727225,0.273683,-0.671236,-0.642592
0.064487,0.676447,0.139089,0.804623,-0.571912,-0.730457,0.637703,-0.622334,-0.579831
0.435950,0.007348,0.206199,0.227957,-0.055154,-0.043385,-0.041671,-0.034030,-0.039280
-0.102967,0.044205,-0.018583,-0.092737,-0.028215,-0.022848,-0.026287,-0.026631,-0.039508
-0.136537,0.597805,0.378853,0.182673,-0.604483,-0.667144,0.044636,-0.637942,-0.596714

-0.214175,0.016147,-0.068601,-0.369063,-0.004951,-0.003357,-0.011463,-0.020398,-0.002110
-0.093855,0.445887,0.268764,0.084980,-0.409980,-0.505783,-0.016306,-0.526405,-0.420996
-0.056436,0.604309,0.243867,0.630916,-0.569119,-0.649461,0.497712,-0.601910,-0.608425
-0.265451,-0.003351,-0.051510,-0.297889,0.040090,-0.005422,-0.145699,0.006493,0.026366
0.355132,-0.264278,-0.282360,0.140258,0.382262,0.378672,0.181680,0.549458,0.391770
0.016927,0.470478,0.450072,0.081124,-0.465725,-0.501188,0.089983,-0.467056,-0.422698
-0.054260,0.484879,0.315783,0.146288,-0.432063,-0.535683,0.112012,-0.532567,-0.452044
0.180381,0.183743,0.102831,0.483237,-0.256316,-0.243052,0.504238,-0.142151,-0.243414
0.475586,-0.006785,0.217278,0.145690,-0.047488,-0.037375,-0.069170,-0.027798,-0.020287
-0.286532,0.015257,-0.067686,-0.555407,-0.054113,-0.025553,-0.126858,-0.072174,-0.024325
-0.109813,0.040973,0.031748,-0.037111,-0.064206,-0.057648,0.093352,-0.055392,-0.039356
-0.055830,0.500052,0.355521,0.243947,-0.467190,-0.558567,0.093615,-0.541694,-0.485757
0.699870,-0.463995,-0.297262,0.005077,0.558865,0.531104,-0.086153,0.638263,0.567058
0.068458,0.044335,-0.109281,0.321510,-0.079098,-0.067280,0.475256,-0.049617,-0.034155
-0.080279,0.545528,0.321385,0.346357,-0.496060,-0.587478,0.267364,-0.563695,-0.529449
0.090690,0.590487,0.362113,0.652350,-0.513160,-0.647758,0.248550,-0.561001,-0.598739
0.336816,-0.202457,-0.240480,0.310243,0.267375,0.203797,0.076867,0.570529,0.260884
0.085669,0.471355,0.338365,0.290147,-0.442155,-0.537276,-0.051516,-0.525489,-0.470501
0.048478,0.155592,0.018316,0.597327,-0.268716,-0.220254,0.597120,-0.115820,-0.164384
-0.031869,-0.025304,0.032892,-0.138287,0.038520,0.012040,-0.137525,0.024071,0.030375
-0.033532,-0.011074,-0.004900,-0.101746,0.052227,0.004483,0.055756,0.002689,0.037979
0.880903,-0.556764,-0.436943,0.047858,0.696987,0.645052,-0.063649,0.698565,0.684771
0.270492,-0.212617,-0.307830,0.179500,0.256675,0.213597,0.100384,0.569749,0.274703
-0.085105,-0.030486,-0.171908,-0.366511,0.086907,0.056012,-0.275192,0.074137,0.061065
0.013662,0.576245,0.176522,0.675907,-0.465579,-0.621626,0.400416,-0.554555,-0.560001
0.406261,-0.101324,-0.081477,0.026127,0.172470,0.088469,-0.160800,0.079064,0.141548
0.787698,-0.265855,0.155383,0.055529,0.380263,0.368917,0.043941,0.540524,0.343573
0.610632,-0.309080,-0.148071,0.123842,0.472780,0.432227,0.110801,0.564751,0.457143
0.273701,0.555854,0.496207,0.462403,-0.569366,-0.626762,0.283605,-0.576495,-0.572436
0.360598,-0.036347,-0.258253,0.484106,0.177035,0.077753,0.556142,0.113580,0.123830
0.031418,0.537372,0.459718,0.322225,-0.527221,-0.595776,0.151493,-0.551682,-0.546229
-0.048420,-0.011501,-0.020262,-0.220060,0.051806,0.002720,-0.120838,0.015137,0.041568
-0.101321,-0.009224,-0.113273,-0.277487,0.044386,0.021356,-0.064218,0.027038,0.031924
0.007452,0.039204,0.069659,-0.001167,-0.018723,-0.035861,0.020291,-0.036500,-0.027514
-0.235707,0.009628,0.003990,-0.124172,-0.012605,-0.010497,-0.042120,-0.017480,-0.007698
0.165541,-0.084153,-0.177928,0.032986,0.138453,0.086475,-0.078384,0.132387,0.111530
-0.058096,0.577017,0.279221,0.552228,-0.472346,-0.619722,0.331887,-0.567158,-0.576688
0.048945,-0.001245,0.015461,-0.066932,0.000794,-0.019298,0.001766,-0.010997,0.019524
0.150911,-0.051563,-0.113216,0.005116,0.130503,0.055293,-0.076162,0.063577,0.128620
-0.110978,0.083412,0.131403,0.022526,-0.134529,-0.122439,0.085925,-0.077642,-0.083100
0.390048,-0.313795,-0.345756,0.018504,0.396539,0.394537,0.033947,0.583712,0.404921
0.088817,-0.060759,-0.176836,0.009385,0.114089,0.075987,-0.146518,0.100246,0.100656
-0.040102,-0.004794,-0.049444,-0.144224,0.041039,0.015600,-0.089448,0.014671,0.038179
0.460983,0.036599,0.214360,0.178595,-0.123550,-0.115570,-0.058582,-0.050732,-0.093878
-0.087484,0.521316,0.361461,0.256632,-0.486288,-0.576036,0.194864,-0.551385,-0.502022
0.030188,0.552688,0.134357,0.627663,-0.425672,-0.587086,0.453411,-0.537421,-0.506082
0.359371,0.006758,0.199578,0.117719,-0.054139,-0.041601,-0.033196,-0.032459,-0.037653
-0.083579,0.034091,-0.017617,-0.061666,-0.027078,-0.020448,-0.021562,-0.025217,-0.035233
-0.064495,0.471922,0.339486,0.143170,-0.429924,-0.522903,0.032246,-0.527354,-0.438952

-0.038391,-0.067089,0.099657,-0.132680,-0.034129,-0.079094,-0.093768,0.022534,-0.077542
-0.320669,0.830965,0.912106,-0.895505,-0.954588,0.106048,-0.799179,0.631118,0.637979
-0.686843,1.321774,1.117230,-1.068037,-1.111785,0.955081,-1.083598,0.964042,0.991561
0.113967,0.093558,0.035807,-0.097956,-0.035497,-0.446060,-0.032280,-0.190693,0.065826
0.759870,-0.113716,-0.599016,0.434003,0.022251,0.542847,0.502413,-0.869772,-0.068657
-0.089828,0.849152,0.896609,-0.829699,-0.957263,-0.210053,-0.746288,0.384017,0.509113
-0.191319,0.884239,0.897522,-0.893651,-0.945069,-0.436587,-0.787761,0.484184,0.593588
-0.548012,0.801024,0.872743,-0.718675,-0.848280,0.854419,-0.715235,0.570524,0.601531
-0.192433,0.309508,0.274157,-0.237584,-0.322376,-0.025229,-0.152482,0.097756,0.227399
-0.162713,0.063068,0.185296,-0.224768,-0.173617,-0.079324,-0.079762,0.159927,-0.163530
-0.277059,0.208208,0.366225,-0.304460,-0.355522,-0.321509,-0.227449,0.194362,0.095532
-0.280077,0.934981,0.949015,-0.927262,-0.971511,0.026366,-0.852524,0.600497,0.822757
1.513761,-0.313868,-1.084435,0.556946,0.233543,0.049642,0.592102,-1.437510,-0.514470
-0.335873,0.141048,0.273424,-0.162429,-0.195926,0.752456,-0.232918,0.246806,0.332893
-0.332132,1.176996,0.999543,-0.993262,-1.042571,-0.462040,-0.914502,0.652833,0.686931
-0.658934,1.405983,1.135930,-1.079663,-1.136594,0.206199,-1.089793,0.976058,0.950282
0.800654,0.085036,-0.424893,0.195466,0.082436,-0.089986,0.255876,-0.874201,0.069176
-0.240744,0.685715,0.909450,-0.837960,-0.906237,0.034078,-0.809740,0.539412,0.765102
-0.759099,1.416485,1.070700,-0.822435,-1.087994,0.691043,-0.869887,0.892005,0.481853
0.149502,-0.019390,-0.026324,-0.085755,0.005011,-0.506505,-0.004130,-0.253804,-0.048701
0.010743,0.017235,0.015706,-0.081596,0.016925,0.291826,-0.070582,-0.044022,-0.063027
1.584698,-0.261675,-1.191631,0.599761,0.150771,0.285692,0.726992,-1.498619,-0.567076
0.831937,0.100205,-0.452438,0.183859,0.004614,-0.333786,0.267639,-0.887584,0.002529
0.392563,-0.311644,-0.305706,0.139511,0.249994,0.262225,0.131056,-0.370669,-0.066329
-0.628961,1.404893,1.134265,-1.065421,-1.127174,-0.061654,-1.064919,0.948434,0.968549
0.842670,-0.368323,-0.608878,0.303775,0.369996,0.074119,0.239768,-0.816713,-0.100327
1.318012,-0.513181,-1.034557,0.608006,0.308858,0.810028,0.633748,-1.293504,-0.133869
1.039228,-0.295541,-0.920409,0.433018,0.300629,0.352695,0.478195,-1.041394,-0.336077
-0.320412,0.693875,0.956152,-0.899534,-0.919627,0.580843,-0.886593,0.571674,1.078627
0.674894,-0.432076,-0.540897,0.219678,0.600029,0.292047,-0.037250,-0.677265,0.040834
-0.159191,0.887941,0.931495,-0.882047,-0.945425,-0.186530,-0.825020,0.452243,0.946054
0.194693,-0.008382,-0.035458,-0.016484,0.050397,-0.098604,0.016060,-0.245281,0.090983
0.192649,-0.085863,-0.101652,-0.052968,0.105138,-0.241462,0.006123,-0.235881,-0.080316
-0.037017,0.086919,0.281278,-0.193196,-0.170248,-0.333575,-0.223279,0.025785,0.151418
-0.128248,0.072756,0.162216,-0.187175,-0.144647,0.009897,-0.118067,0.079073,0.021033
0.685159,-0.259367,-0.500058,0.163619,0.299899,-0.201834,0.170119,-0.691662,-0.043406
-0.490532,1.499558,1.134250,-1.079970,-1.139374,-0.208204,-1.076492,0.915612,0.856326
0.044944,0.072488,0.125935,-0.116160,-0.075839,-0.251931,-0.088537,-0.115875,0.151222
0.608586,-0.402286,-0.428476,0.215191,0.384913,-0.021728,0.067512,-0.588737,-0.005634
-0.526682,0.611807,0.817154,-0.531434,-0.781112,0.080722,-0.505354,0.610794,0.230889
0.838664,-0.023965,-0.581936,0.277912,-0.071992,0.017949,0.407408,-0.894073,-0.160416
0.551118,-0.299954,-0.465041,0.193571,0.343842,0.218622,0.159933,-0.535399,-0.040953
0.222171,-0.192191,-0.064622,-0.023959,0.123696,-0.479464,-0.047702,-0.262913,0.000401
-0.342303,0.537413,0.548094,-0.362569,-0.562646,0.035227,-0.309288,0.319696,0.433551
-0.288318,0.976494,0.968818,-0.953080,-0.985618,0.072243,-0.889385,0.618970,0.842837
-0.564646,1.454810,1.136288,-1.062625,-1.146830,-0.355003,-1.040989,0.922396,0.600967
-0.228121,0.342428,0.321577,-0.263196,-0.351851,-0.041052,-0.185036,0.147471,0.217442
-0.189044,0.144197,0.229147,-0.131559,-0.151632,0.444310,-0.159761,0.165020,0.095465
-0.212542,0.796352,0.900306,-0.867237,-0.928930,-0.101279,-0.794872,0.519432,0.619848

-0.013052,-0.018959,0.055452,-0.070974,-0.011372,-0.052176,-0.052250,0.009270,-0.052187
-0.001170,0.675113,0.630980,-0.652136,-0.732013,0.077710,-0.521813,0.021556,0.343629
-0.000543,0.866498,0.798521,-0.776370,-0.803591,0.697894,-0.768883,0.010415,0.004403
0.050679,0.017845,0.029774,-0.056130,-0.011470,-0.381317,-0.022201,-0.075884,0.000315
0.627867,-0.001120,-0.354949,0.126922,0.000376,0.393291,0.348335,-0.636901,-0.001210
-0.000399,0.685970,0.619426,-0.615051,-0.736960,-0.152384,-0.504372,0.016080,0.442651
-0.000525,0.703842,0.621338,-0.654274,-0.730875,-0.306157,-0.493432,0.013251,0.367656
-0.031090,0.631383,0.597785,-0.528156,-0.641785,0.461565,-0.552931,0.108302,0.518749
-0.092695,0.142518,0.174268,-0.123106,-0.153873,-0.016246,-0.107853,0.054735,0.207496
-0.044085,0.018035,0.106595,-0.120131,-0.059149,-0.055778,-0.042120,0.057215,-0.065518
-0.070176,0.093672,0.286557,-0.203298,-0.180881,-0.263597,-0.160024,0.059310,0.003484
-0.000536,0.730290,0.668874,-0.685432,-0.744923,0.019815,-0.570550,0.013795,0.421855
0.906353,-0.000280,-0.162313,0.035435,0.000445,0.023940,0.264268,-0.880962,-0.454299
-0.103066,0.084274,0.255250,-0.133386,-0.127076,0.595256,-0.212881,0.085656,0.000546
-0.000424,0.824156,0.711938,-0.723843,-0.775705,-0.359111,-0.597783,0.009756,0.118577
-0.000802,0.885514,0.804204,-0.775240,-0.811799,0.193024,-0.761866,0.012668,0.001953
0.632271,0.001918,-0.330081,0.077562,0.004194,-0.081578,0.194240,-0.576059,0.000064
-0.001020,0.591983,0.635993,-0.626266,-0.713371,0.024368,-0.552312,0.022918,0.579624
-0.028187,0.840518,0.771687,-0.628954,-0.756373,0.565098,-0.669783,0.077156,0.000363
0.069325,-0.004230,-0.015024,-0.041287,0.001360,-0.327384,-0.002135,-0.116294,-0.020450
0.004330,0.005702,0.011347,-0.050301,0.006043,0.211884,-0.050035,-0.019594,-0.011022
0.919026,-0.000061,-0.127883,0.020858,0.000087,0.126955,0.304706,-0.899988,-0.498903
0.652511,0.001487,-0.329359,0.064027,0.000172,-0.290778,0.187312,-0.589382,0.000004
0.242356,-0.035855,-0.147998,0.056960,0.035504,0.160130,0.073004,-0.226115,-0.046920
-0.001234,0.884102,0.803081,-0.766745,-0.807590,-0.058923,-0.749302,0.015101,0.001317
0.579395,-0.035405,-0.252597,0.091639,0.052136,0.043826,0.147962,-0.532570,-0.096767
0.854382,-0.009302,-0.325647,0.114734,0.006715,0.331444,0.409148,-0.820658,-0.130005
0.770789,-0.001577,-0.258855,0.072909,0.002114,0.179915,0.262026,-0.741535,-0.211089
-0.000386,0.599999,0.693151,-0.689417,-0.724437,0.359532,-0.650872,0.013579,0.761797
0.463366,-0.079427,-0.305444,0.107765,0.130784,0.177105,-0.029606,-0.431648,0.039603
-0.000247,0.708955,0.661632,-0.668326,-0.735298,-0.134964,-0.563430,0.010087,0.667738
0.100847,-0.001737,-0.030515,-0.009756,0.015988,-0.089440,0.012182,-0.113919,0.000336
0.096665,-0.015644,-0.053726,-0.024608,0.024374,-0.156413,0.003318,-0.120265,-0.055738
-0.013483,0.038168,0.163687,-0.105277,-0.086644,-0.209722,-0.141463,0.011410,0.142615
-0.040366,0.026238,0.123816,-0.118984,-0.060439,0.008061,-0.082320,0.028190,0.001488
0.466101,-0.023928,-0.232608,0.061243,0.036190,-0.125665,0.097911,-0.426418,-0.033260
-0.000634,0.903191,0.801096,-0.771689,-0.812317,-0.195699,-0.741683,0.010765,0.001524
0.019645,0.021735,0.111505,-0.075099,-0.032731,-0.227431,-0.069198,-0.046953,0.000318
0.409992,-0.052742,-0.206838,0.084055,0.067496,-0.013265,0.042788,-0.375407,-0.005299
-0.058550,0.396418,0.633227,-0.396801,-0.524398,0.075410,-0.401532,0.100359,0.000243
0.677307,-0.000091,-0.242602,0.052056,-0.000528,0.012974,0.218451,-0.666615,-0.009851
0.364908,-0.037190,-0.236601,0.081313,0.048857,0.134719,0.100687,-0.335137,-0.029834
0.117104,-0.040459,-0.033229,-0.010753,0.035412,-0.287427,-0.026334,-0.139047,0.000360
-0.115154,0.316539,0.340741,-0.205728,-0.328388,0.022381,-0.222883,0.151850,0.392318
-0.000395,0.749569,0.687520,-0.704842,-0.752097,0.055466,-0.598159,0.011149,0.355882
-0.001400,0.893010,0.800160,-0.760359,-0.813362,-0.324679,-0.726428,0.016216,0.001133
-0.097561,0.164193,0.204468,-0.141411,-0.176937,-0.026857,-0.130354,0.076097,0.199117
-0.073408,0.061668,0.143349,-0.074278,-0.071611,0.271481,-0.115514,0.080702,0.090947
-0.000645,0.657855,0.623896,-0.642392,-0.723329,-0.073238,-0.516564,0.016159,0.427128

