-0.012170
-0.087060
-0.064171
-0.024291
-0.118480
-0.111991
-0.148836
-0.092556
-0.031143
-0.074767
-0.088685
-0.074508
-0.076547
-0.073741
-0.054695
-0.064946
-0.095532
-0.072833
-0.108894
-0.079871
-0.029212
-0.121868
-0.111664
-0.085752
-0.082059
-0.129870
-0.031623
-0.049502
-0.155520
-0.074619
-0.141111
-0.089697
-0.080692
-0.035869
-0.108012
-0.098337
-0.053281
-0.082561
-0.115006
-0.191994
-0.066543
-0.063986
-0.101467
-0.124390
-0.079354
-0.097672
-0.027997
-0.074066
-0.069976

-0.005801
-0.042604
-0.031420
-0.012045
-0.061802
-0.055457
-0.072606
-0.045868
-0.015444
-0.036600
-0.043397
-0.038935
-0.037470
-0.036563
-0.026080
-0.033945
-0.049888
-0.035655
-0.056830
-0.038068
-0.014486
-0.063557
-0.054592
-0.040865
-0.040679
-0.061771
-0.015077
-0.024241
-0.080927
-0.036528
-0.073516
-0.044456
-0.040003
-0.017101
-0.052815
-0.046843
-0.025402
-0.040408
-0.056216
-0.099599
-0.031720
-0.030507
-0.052974
-0.064864
-0.038842
-0.047780
-0.013883
-0.036257
-0.033352

0.112176
0.112834
0.112643
0.112249
0.113522
0.117322
0.118263
0.114222
0.112748
0.110585
0.113863
0.112264
0.112536
0.113641
0.113185
0.111884
0.113509
0.111892
0.113649
0.114295
0.111291
0.114726
0.115276
0.114420
0.115529
0.116241
0.111923
0.111459
0.115621
0.111807
0.114828
0.114452
0.114423
0.113252
0.113915
0.114254
0.113655
0.113431
0.113578
0.116960
0.112994
0.111911
0.113492
0.114975
0.113120
0.114241
0.112596
0.111506
0.114986

0.055218
0.055574
0.055470
0.055260
0.055927
0.057777
0.058253
0.056255
0.055507
0.054470
0.056077
0.055292
0.055424
0.055962
0.055730
0.055102
0.055910
0.055107
0.055985
0.056283
0.054794
0.056517
0.056778
0.056346
0.056888
0.057255
0.055103
0.054885
0.056971
0.055066
0.056577
0.056366
0.056347
0.055754
0.056111
0.056271
0.055959
0.055863
0.055950
0.057643
0.055642
0.055111
0.055905
0.056640
0.055710
0.056266
0.055431
0.054919
0.056616

