-0.217724,-0.127653,0.063109,-0.237984,-0.390780,-0.328832
-0.108862,-0.015835,0.180677,-0.308623,-0.260229,-0.228622
-0.106591,-0.111465,0.107785,-0.154064,-0.398649,-0.275845
-0.217706,-0.116978,0.065351,-0.264406,-0.372195,-0.325104
-0.133808,-0.157014,0.072665,-0.084319,-0.476690,-0.288718
-0.155789,-0.154442,0.067989,-0.095280,-0.485148,-0.283505
-0.114088,-0.073551,0.142318,-0.201957,-0.354210,-0.225953
-0.139289,-0.084625,0.118533,-0.201937,-0.389749,-0.258429
-0.206260,-0.110110,0.075073,-0.269218,-0.357324,-0.330752
-0.128114,-0.107253,0.112440,-0.159309,-0.401692,-0.241497
-0.134927,-0.154285,0.072805,-0.091202,-0.472152,-0.287044
-0.127271,-0.132601,0.079838,-0.152155,-0.418741,-0.295940
-0.132980,-0.165607,0.058339,-0.084712,-0.489227,-0.308116
-0.187935,-0.052261,0.112338,-0.358421,-0.281971,-0.302713
-0.150973,-0.145598,0.058570,-0.157598,-0.434840,-0.321955
-0.188409,-0.075377,0.103927,-0.313801,-0.302501,-0.306202
-0.117523,-0.074693,0.139235,-0.206772,-0.351187,-0.229502
-0.171998,-0.141443,0.071954,-0.124853,-0.471738,-0.268522
-0.145344,-0.109660,0.094196,-0.183450,-0.405980,-0.271510
-0.181272,-0.098270,0.093926,-0.240980,-0.370841,-0.280116
-0.225484,-0.129488,0.053196,-0.253685,-0.390951,-0.344881
-0.097703,-0.050983,0.154060,-0.229006,-0.337900,-0.235982
-0.122350,-0.020652,0.170664,-0.309089,-0.277455,-0.232622
-0.170447,-0.125456,0.083988,-0.163588,-0.429236,-0.270822
-0.181036,-0.142662,0.055493,-0.193650,-0.412810,-0.334944
-0.166322,-0.145354,0.076112,-0.106601,-0.476984,-0.266720
-0.162122,-0.127988,0.070756,-0.180047,-0.420680,-0.297025
-0.237715,-0.132599,0.050183,-0.253722,-0.392440,-0.343252
-0.154379,-0.055101,0.132717,-0.288221,-0.321121,-0.274456
-0.211024,-0.148022,0.053292,-0.180516,-0.441330,-0.317595
-0.203072,-0.090930,0.086877,-0.304138,-0.327350,-0.325082
-0.182865,-0.098345,0.095518,-0.246359,-0.361216,-0.284092
-0.158014,-0.070837,0.124162,-0.287359,-0.295821,-0.287552
-0.205784,-0.123493,0.063480,-0.231855,-0.394722,-0.306168
-0.148609,-0.160761,0.059902,-0.100231,-0.480758,-0.304311
-0.231654,-0.100087,0.068352,-0.328730,-0.317481,-0.348507
-0.121710,-0.001561,0.175121,-0.347151,-0.263662,-0.226715
-0.151596,-0.147402,0.060211,-0.141041,-0.449331,-0.307439
-0.141207,-0.098013,0.103490,-0.223869,-0.354457,-0.293989
-0.156453,-0.152875,0.071957,-0.089886,-0.487548,-0.272983
-0.087740,0.017275,0.210248,-0.344867,-0.220076,-0.200709
-0.152375,-0.122452,0.080214,-0.183593,-0.409027,-0.303052
-0.228989,-0.105607,0.064825,-0.302523,-0.350340,-0.333124
-0.172464,-0.130731,0.073065,-0.164201,-0.442550,-0.283196
-0.175616,-0.110190,0.092639,-0.209482,-0.390491,-0.298050
-0.189196,-0.141961,0.063136,-0.177961,-0.429478,-0.311851
-0.108220,-0.011188,0.183690,-0.301940,-0.274059,-0.206287
-0.161780,-0.151085,0.064382,-0.112788,-0.479397,-0.286572
-0.194653,-0.108431,0.084848,-0.255806,-0.351748,-0.309615

-0.115666,-0.058978,0.031531,-0.117524,-0.203309,-0.175801
-0.055147,-0.007526,0.092962,-0.157983,-0.135806,-0.115605
-0.054203,-0.054641,0.053082,-0.073872,-0.203340,-0.150659
-0.115701,-0.054084,0.032659,-0.129958,-0.194245,-0.173889
-0.068453,-0.073504,0.038275,-0.042913,-0.248858,-0.152896
-0.079619,-0.072306,0.035777,-0.048514,-0.252809,-0.150335
-0.058505,-0.034704,0.074722,-0.101458,-0.188737,-0.120314
-0.070366,-0.040094,0.061186,-0.105467,-0.200100,-0.130632
-0.109770,-0.050934,0.037523,-0.132160,-0.186944,-0.176663
-0.065618,-0.050474,0.059132,-0.080496,-0.212556,-0.128526
-0.069028,-0.072243,0.038349,-0.046394,-0.246738,-0.152047
-0.064664,-0.064825,0.039364,-0.073004,-0.213172,-0.161327
-0.067483,-0.080695,0.028756,-0.040913,-0.245409,-0.167824
-0.100311,-0.024271,0.056105,-0.172549,-0.148619,-0.162077
-0.076617,-0.071017,0.028887,-0.075636,-0.221051,-0.174929
-0.100493,-0.034968,0.051918,-0.152580,-0.159288,-0.163998
-0.060261,-0.035234,0.073126,-0.103807,-0.187286,-0.122166
-0.087835,-0.066295,0.037845,-0.063444,-0.246508,-0.142723
-0.074412,-0.051533,0.049585,-0.092489,-0.214969,-0.144038
-0.092663,-0.046167,0.049420,-0.120614,-0.197938,-0.148476
-0.119723,-0.059775,0.026587,-0.124980,-0.203556,-0.183915
-0.049451,-0.024218,0.079436,-0.118913,-0.174565,-0.119371
-0.061946,-0.009814,0.087864,-0.158255,-0.144459,-0.117586
-0.087098,-0.058878,0.044180,-0.082776,-0.226420,-0.143794
-0.091748,-0.069539,0.027356,-0.092632,-0.211125,-0.181648
-0.084946,-0.068126,0.040025,-0.054248,-0.248910,-0.141773
-0.082910,-0.059999,0.037281,-0.090847,-0.222525,-0.157120
-0.126027,-0.061184,0.025076,-0.125028,-0.204362,-0.183155
-0.078024,-0.026113,0.068495,-0.148410,-0.166903,-0.138349
-0.112095,-0.068301,0.026616,-0.089884,-0.227170,-0.170222
-0.108149,-0.042131,0.043424,-0.148226,-0.171834,-0.173602
-0.093467,-0.046199,0.050262,-0.123192,-0.193193,-0.150475
-0.084444,-0.032922,0.061983,-0.140307,-0.155541,-0.154207
-0.104951,-0.057840,0.033430,-0.116282,-0.210246,-0.161848
-0.075376,-0.078369,0.029502,-0.048400,-0.241700,-0.165871
-0.123039,-0.046272,0.034184,-0.159523,-0.167422,-0.185588
-0.061666,-0.000742,0.090123,-0.176304,-0.137370,-0.114660
-0.076926,-0.071922,0.029669,-0.067844,-0.227548,-0.167457
-0.071784,-0.048026,0.050973,-0.106467,-0.182560,-0.160182
-0.079930,-0.071592,0.037870,-0.045763,-0.253807,-0.144984
-0.044492,0.008221,0.107881,-0.175001,-0.114918,-0.101573
-0.077374,-0.059873,0.039516,-0.087878,-0.208759,-0.165085
-0.121626,-0.048827,0.032403,-0.147638,-0.183633,-0.177968
-0.088107,-0.061289,0.038464,-0.083058,-0.232900,-0.150177
-0.093630,-0.051077,0.046256,-0.103759,-0.202419,-0.159881
-0.100712,-0.065579,0.031542,-0.088581,-0.221433,-0.167183
-0.054814,-0.005322,0.094444,-0.154745,-0.142510,-0.104512
-0.082656,-0.070722,0.033899,-0.057332,-0.250212,-0.151931
-0.103667,-0.050214,0.042396,-0.125821,-0.183998,-0.165859

0.064225,-0.157104,-0.022101,0.191636,0.002068,0.049298
0.040819,-0.152764,-0.028633,0.202315,-0.023396,0.054443
0.057061,-0.158408,-0.029546,0.190698,-0.001023,0.051001
0.057508,-0.152527,-0.017480,0.196636,-0.009412,0.051652
0.070466,-0.163408,-0.031300,0.181079,0.018160,0.047859
0.072862,-0.163182,-0.028306,0.181660,0.019025,0.046942
0.044677,-0.154495,-0.031310,0.199106,-0.016751,0.053148
0.066308,-0.159826,-0.024519,0.189783,0.006622,0.047516
0.059844,-0.156088,-0.021142,0.194361,-0.004217,0.050381
0.048431,-0.154955,-0.030632,0.196572,-0.012273,0.052583
0.068375,-0.161688,-0.029885,0.182640,0.014633,0.048531
0.055056,-0.154281,-0.024100,0.192586,-0.006719,0.052731
0.074397,-0.163018,-0.027623,0.181122,0.020376,0.046588
0.046542,-0.147224,-0.011757,0.205181,-0.027328,0.055129
0.063207,-0.154953,-0.019161,0.189456,0.000742,0.051449
0.046362,-0.150622,-0.020279,0.201863,-0.021761,0.054135
0.043126,-0.153270,-0.030334,0.199893,-0.019188,0.053905
0.068214,-0.159791,-0.026206,0.187692,0.010333,0.046914
0.057192,-0.154334,-0.021318,0.194067,-0.006418,0.051485
0.053571,-0.152875,-0.020835,0.197913,-0.012332,0.052103
0.066155,-0.155945,-0.016625,0.191956,0.001154,0.049810
0.055036,-0.156980,-0.025596,0.194787,-0.006608,0.050699
0.046660,-0.152561,-0.024863,0.200904,-0.018544,0.053003
0.061361,-0.157752,-0.026245,0.191454,0.001333,0.049447
0.062207,-0.154750,-0.020317,0.190593,-0.000439,0.051505
0.070336,-0.162936,-0.030587,0.184474,0.016086,0.046317
0.058582,-0.152413,-0.017196,0.193409,-0.006839,0.052574
0.065219,-0.155556,-0.018584,0.192920,0.000612,0.049235
0.060345,-0.157501,-0.022480,0.194586,-0.002811,0.049351
0.069032,-0.158919,-0.024488,0.187852,0.010132,0.047262
0.055006,-0.152364,-0.017639,0.197731,-0.012461,0.052648
0.051754,-0.152440,-0.022319,0.197778,-0.013441,0.053021
0.042681,-0.150867,-0.027049,0.199227,-0.020884,0.055699
0.053663,-0.148549,-0.015579,0.197568,-0.014688,0.053941
0.073083,-0.162191,-0.027650,0.182309,0.018506,0.046830
0.051260,-0.149747,-0.014978,0.201210,-0.019490,0.053993
0.044481,-0.149720,-0.017124,0.206229,-0.026961,0.053380
0.063620,-0.155086,-0.020035,0.188863,0.001963,0.051101
0.051245,-0.154646,-0.025522,0.196041,-0.011703,0.053134
0.072287,-0.163276,-0.031349,0.182764,0.019435,0.045544
0.029868,-0.147869,-0.027318,0.208577,-0.038173,0.057899
0.062710,-0.157142,-0.022760,0.190690,0.001473,0.049740
0.055600,-0.149538,-0.013228,0.199881,-0.014866,0.052056
0.065403,-0.158001,-0.022537,0.191152,0.003737,0.048196
0.067245,-0.162003,-0.028205,0.187967,0.010112,0.047032
0.065071,-0.158718,-0.025833,0.188850,0.006241,0.048320
0.040323,-0.149582,-0.025225,0.203942,-0.026021,0.054629
0.071313,-0.160942,-0.025595,0.184860,0.014496,0.046919
0.051094,-0.152968,-0.023978,0.197001,-0.013019,0.053346

0.031595,-0.081834,-0.010667,0.100292,0.001098,0.024641
0.020151,-0.079610,-0.013798,0.105710,-0.012367,0.027572
0.028171,-0.082822,-0.014231,0.099540,-0.000543,0.025562
0.028288,-0.079399,-0.008440,0.102876,-0.004995,0.025856
0.034784,-0.085600,-0.015063,0.094467,0.009670,0.023860
0.035953,-0.085465,-0.013622,0.094773,0.010131,0.023396
0.022073,-0.080741,-0.015076,0.103786,-0.008881,0.026750
0.032717,-0.083532,-0.011803,0.099123,0.003515,0.023865
0.029439,-0.081229,-0.010208,0.101757,-0.002238,0.025234
0.023921,-0.081049,-0.014749,0.102416,-0.006515,0.026373
0.033751,-0.084687,-0.014383,0.095269,0.007790,0.024204
0.027160,-0.080636,-0.011616,0.100504,-0.003570,0.026380
0.036695,-0.085362,-0.013300,0.094558,0.010851,0.023205
0.022904,-0.076497,-0.005680,0.107396,-0.014461,0.027785
0.031149,-0.080949,-0.009239,0.098967,0.000394,0.025692
0.022820,-0.078319,-0.009795,0.105636,-0.011523,0.027227
0.021303,-0.080082,-0.014609,0.104200,-0.010171,0.027131
0.033652,-0.083643,-0.012614,0.097873,0.005498,0.023413
0.028218,-0.080655,-0.010270,0.101242,-0.003409,0.025801
0.026400,-0.079729,-0.010047,0.103354,-0.006543,0.026139
0.032526,-0.081181,-0.008027,0.100504,0.000613,0.024890
0.027185,-0.082014,-0.012321,0.101695,-0.003502,0.025571
0.023027,-0.079520,-0.011980,0.104989,-0.009809,0.026818
0.030265,-0.082467,-0.012641,0.099884,0.000708,0.024729
0.030627,-0.080724,-0.009804,0.099658,-0.000233,0.025723
0.034709,-0.085324,-0.014718,0.096208,0.008562,0.023103
0.028882,-0.079620,-0.008289,0.100934,-0.003635,0.026299
0.032059,-0.080970,-0.008974,0.100999,0.000325,0.024594
0.029742,-0.082082,-0.010835,0.101800,-0.001490,0.024866
0.033981,-0.082940,-0.011809,0.098208,0.005388,0.023569
0.027059,-0.079234,-0.008520,0.103537,-0.006606,0.026426
0.025501,-0.079476,-0.010765,0.103312,-0.007130,0.026604
0.021030,-0.078532,-0.013056,0.104213,-0.011056,0.028039
0.026421,-0.077456,-0.007517,0.103182,-0.007798,0.026995
0.036039,-0.084890,-0.013315,0.095193,0.009852,0.023333
0.025188,-0.077761,-0.007242,0.105407,-0.010327,0.027081
0.021948,-0.077984,-0.008253,0.107741,-0.014251,0.027058
0.031365,-0.081078,-0.009656,0.098603,0.001044,0.025510
0.025265,-0.080653,-0.012310,0.102446,-0.006208,0.026668
0.035676,-0.085544,-0.015082,0.095311,0.010349,0.022701
0.014754,-0.077026,-0.013165,0.108907,-0.020141,0.029432
0.030910,-0.082057,-0.010972,0.099637,0.000783,0.024887
0.027333,-0.077757,-0.006391,0.104621,-0.007884,0.026086
0.032247,-0.082593,-0.010856,0.099738,0.001987,0.024085
0.033131,-0.084517,-0.013596,0.098322,0.005371,0.023545
0.032049,-0.082848,-0.012456,0.098700,0.003318,0.024122
0.019914,-0.078022,-0.012150,0.106458,-0.013755,0.027676
0.035177,-0.084254,-0.012321,0.096434,0.007718,0.023394
0.025153,-0.079653,-0.011576,0.103033,-0.006904,0.026741

