-0.307314
-0.205102
-0.332725
-0.301221
-0.350930
-0.317594
-0.225351
-0.240498
-0.314676
-0.254167
-0.346472
-0.361126
-0.376886
-0.267884
-0.384180
-0.285505
-0.230900
-0.256135
-0.285172
-0.254612
-0.329235
-0.238612
-0.193432
-0.260095
-0.371180
-0.265079
-0.327717
-0.311936
-0.239141
-0.300490
-0.303964
-0.262857
-0.287135
-0.295162
-0.352421
-0.324308
-0.174685
-0.361354
-0.322394
-0.285459
-0.173374
-0.330151
-0.295179
-0.273987
-0.285132
-0.313555
-0.164886
-0.304926
-0.300626

-0.151128
-0.101313
-0.173010
-0.148279
-0.168547
-0.153356
-0.110328
-0.118311
-0.154574
-0.123996
-0.166546
-0.186771
-0.194302
-0.132541
-0.197761
-0.140903
-0.112972
-0.124858
-0.138513
-0.124154
-0.161298
-0.117476
-0.095652
-0.126719
-0.191496
-0.129058
-0.158071
-0.153282
-0.117677
-0.147936
-0.149569
-0.128030
-0.141665
-0.143074
-0.182479
-0.159041
-0.086524
-0.186775
-0.167882
-0.138646
-0.085883
-0.171683
-0.145459
-0.133300
-0.140719
-0.154036
-0.081733
-0.147649
-0.148000

0.229240
0.225007
0.230187
0.228022
0.234138
0.234683
0.224358
0.229135
0.228634
0.224931
0.233417
0.230079
0.233248
0.227211
0.232859
0.226749
0.224513
0.228337
0.228917
0.226617
0.231180
0.228757
0.224786
0.227953
0.231439
0.230351
0.231256
0.228310
0.228470
0.228789
0.228804
0.227104
0.227367
0.228205
0.232507
0.227651
0.223868
0.232855
0.228436
0.230097
0.223292
0.230161
0.226085
0.227311
0.230014
0.228714
0.223176
0.230978
0.227834

0.115182
0.113003
0.115696
0.114583
0.117606
0.117834
0.112708
0.115053
0.114896
0.113020
0.117251
0.115677
0.117237
0.114151
0.117056
0.113945
0.112790
0.114680
0.114995
0.113841
0.116151
0.114867
0.112882
0.114498
0.116350
0.115670
0.116180
0.114735
0.114728
0.114955
0.114967
0.114088
0.114248
0.114660
0.116848
0.114428
0.112414
0.117027
0.114831
0.115570
0.112131
0.115680
0.113633
0.114201
0.115534
0.114933
0.112065
0.116020
0.114491

