-0.026856
-0.783807
-0.854172
-0.013837
0.752867
-0.374405
-0.781013
-0.007182
0.069484
-0.014787
0.087316
-0.857385
0.771598
0.085996
-0.794011
-1.289613
0.242606
-0.851006
-0.418578
0.103471
0.106649
0.905706
0.425910
-0.022020
-1.270852
0.075667
0.862340
0.747985
-0.848582
0.136134
-0.779161
-0.017191
-0.016940
-0.010048
0.085733
-0.019472
-1.250964
-0.017897
-0.039070
-0.204491
0.713626
-0.027107
-0.026477
0.034471
-0.845461
-1.037014
0.072371
0.072815
-0.790442

-0.020859
-0.627113
-0.666337
-0.010546
0.506093
-0.332612
-0.625314
-0.005059
0.046700
-0.011435
0.053278
-0.668061
0.507866
0.052592
-0.632837
-0.843093
0.218651
-0.664618
-0.325361
0.061171
0.062528
0.501707
0.362865
-0.017091
-0.837836
0.050781
0.492039
0.503531
-0.663291
0.091175
-0.624459
-0.013126
-0.013118
-0.007668
0.052631
-0.015096
-0.832076
-0.013671
-0.030739
-0.162818
0.495907
-0.021059
-0.020557
0.023408
-0.661589
-0.755539
0.048606
0.048896
-0.630782

0.032623
0.660440
0.703370
-0.057209
-0.550649
0.381968
0.667227
0.069833
0.009095
0.034056
-0.068162
0.691449
-0.552367
-0.075094
0.674505
0.921381
-0.247497
0.698833
0.368981
-0.057666
-0.072026
-0.541488
-0.389281
0.041508
0.911514
0.003981
-0.528749
-0.548843
0.686268
-0.046439
0.657894
-0.054133
0.037120
0.030672
-0.069333
0.040113
0.905110
-0.053479
0.040944
0.140748
-0.542122
0.032724
0.032579
0.038314
0.684452
0.806185
0.006702
0.006639
0.672543

0.029567
0.530437
0.557252
-0.052210
-0.448438
0.330216
0.534949
0.062840
0.008174
0.030827
-0.061632
0.549658
-0.449548
-0.067918
0.539527
0.673919
-0.221090
0.554415
0.325386
-0.052075
-0.065062
-0.439317
-0.336328
0.037570
0.669339
0.003577
-0.431027
-0.447693
0.546451
-0.041674
0.528817
-0.049416
0.033597
0.027760
-0.062697
0.036304
0.666368
-0.048821
0.037121
0.128378
-0.442950
0.029659
0.029526
0.034451
0.545324
0.616492
0.006024
0.005966
0.538298

