0.013411
-0.968542
-0.978280
-0.000771
0.924674
-0.462283
-0.973057
-0.165616
-0.036450
0.011986
-0.001892
-0.968771
0.956788
0.029915
-0.986990
-1.522389
0.436550
-0.960928
-0.693496
-0.010763
0.002051
1.049678
0.626872
0.012178
-1.484938
-0.008021
0.981929
0.934196
-0.954653
0.215359
-0.957336
-0.003007
0.011934
-0.062638
-0.001597
0.010437
-1.508688
-0.003836
0.030228
-0.289187
0.923120
0.014988
0.016733
-0.122932
-0.965248
-1.228124
-0.016468
-0.005110
-0.971006

0.012305
-0.742455
-0.746898
-0.000689
0.509457
-0.420839
-0.744507
-0.123366
-0.027293
0.010986
-0.001088
-0.742566
0.440076
0.019205
-0.750737
-0.908010
0.392579
-0.738941
-0.562483
-0.005855
0.001196
0.319776
0.521346
0.011169
-0.901211
-0.006095
0.270433
0.495607
-0.736019
0.178806
-0.737344
-0.002691
0.010938
-0.054463
-0.000919
0.009548
-0.905577
-0.003434
0.027953
-0.260812
0.511595
0.013766
0.015386
-0.088647
-0.740945
-0.839782
-0.012460
-0.003889
-0.743578

-0.046087
0.964740
0.997259
-0.005302
-0.861260
0.590818
0.979717
0.346076
0.099286
-0.038455
-0.000813
0.965779
-0.918527
-0.094259
1.004587
1.415478
-0.389585
0.949253
1.565877
0.037392
-0.014165
-0.807993
-0.544137
-0.040860
1.359462
0.031626
-0.676002
-0.879399
0.936512
-0.480641
0.939438
0.002660
-0.037584
0.170982
-0.002151
-0.026480
1.386968
0.005246
-0.105026
0.854407
-0.855922
-0.052034
-0.058752
0.254100
0.957313
1.225461
0.052385
0.024565
0.976355

-0.041343
0.702822
0.718906
-0.005002
-0.591130
0.465322
0.710271
0.286726
0.082929
-0.034412
-0.000728
0.703348
-0.584176
-0.086176
0.722341
0.864750
-0.346044
0.694829
0.889123
0.032990
-0.012735
-0.530327
-0.455666
-0.036604
0.851145
0.026384
-0.475204
-0.592293
0.687992
-0.368594
0.689638
0.002511
-0.033618
0.145900
-0.001926
-0.023594
0.858032
0.004952
-0.094721
0.665602
-0.590764
-0.046722
-0.052815
0.211187
0.698975
0.811319
0.043721
0.020488
0.708604

