-0.350173,0.390504,0.376316,-0.436352,0.112774,0.291611,0.268093
-0.366198,0.401294,0.429559,-0.530725,0.201417,0.352929,0.203851
-0.557923,0.547853,0.543665,-0.612770,0.281476,0.432770,0.379796
-0.621240,0.549268,0.496027,-0.695896,0.274770,0.453322,0.334146
-0.426369,0.440516,0.473509,-0.607610,0.269320,0.406153,0.207368
-0.498403,0.482669,0.457201,-0.565417,0.198109,0.381408,0.322986
-0.380461,0.441638,0.499455,-0.516805,0.231861,0.370466,0.271808
-0.237679,0.328836,0.339481,-0.357420,0.111143,0.243881,0.210429
-0.559827,0.533274,0.514091,-0.629128,0.259076,0.426429,0.348179
-0.247858,0.339710,0.421125,-0.436697,0.171873,0.308551,0.168342
-0.471160,0.466088,0.463162,-0.604156,0.265651,0.403106,0.253345
-0.379174,0.423206,0.462101,-0.513348,0.185689,0.356841,0.259413
-0.396616,0.431311,0.473952,-0.543828,0.223906,0.378077,0.246244
-0.475400,0.485994,0.496972,-0.585602,0.251204,0.399419,0.295178
-0.454189,0.471471,0.455904,-0.533108,0.229997,0.361430,0.304198
-0.339269,0.394660,0.466006,-0.522465,0.200702,0.363878,0.205081
-0.406224,0.435624,0.482529,-0.573834,0.251443,0.394790,0.226024
-0.270248,0.354046,0.449788,-0.474320,0.164024,0.333629,0.178578
-0.331863,0.397987,0.515642,-0.568042,0.244117,0.399947,0.176477
-0.348580,0.409734,0.431379,-0.436150,0.137430,0.307462,0.291610
-0.367379,0.420430,0.458427,-0.501116,0.197878,0.352129,0.260208
-0.134842,0.255523,0.290739,-0.264078,0.010365,0.177960,0.174738
-0.291691,0.362895,0.389672,-0.404635,0.098487,0.277480,0.243918
-0.397897,0.451210,0.477973,-0.504726,0.230513,0.359170,0.293838
-0.298029,0.363470,0.393907,-0.463158,0.216099,0.315094,0.171493
-0.514811,0.500528,0.509192,-0.648037,0.282559,0.436212,0.279760
-0.334763,0.391254,0.428395,-0.472639,0.167535,0.327145,0.233072
-0.316573,0.397244,0.452881,-0.450096,0.176794,0.322269,0.251695
-0.128268,0.249283,0.305929,-0.301390,0.090623,0.208504,0.115537
-0.428047,0.441337,0.433259,-0.549933,0.212125,0.364001,0.256187
-0.616872,0.537989,0.461253,-0.680725,0.256211,0.434413,0.327211
-0.476529,0.488677,0.494562,-0.565023,0.233370,0.394128,0.325562
-0.522622,0.498939,0.452766,-0.594377,0.242004,0.389343,0.311806
-0.322654,0.402312,0.485317,-0.498009,0.230245,0.358684,0.217186
-0.445326,0.469634,0.528549,-0.589649,0.241096,0.413946,0.277259
-0.178200,0.286176,0.346483,-0.341575,0.077678,0.237273,0.161999
-0.527929,0.502130,0.472870,-0.615748,0.246257,0.405561,0.304618
-0.475819,0.492867,0.490327,-0.558088,0.254034,0.387589,0.323134
-0.277230,0.353645,0.421917,-0.452008,0.134336,0.313722,0.196588
-0.250683,0.348018,0.425414,-0.409853,0.141260,0.293960,0.204220
-0.447338,0.480737,0.538061,-0.587138,0.271188,0.417065,0.284925
-0.553597,0.524584,0.499395,-0.636208,0.266909,0.425441,0.327696
-0.424446,0.450440,0.464463,-0.527607,0.201141,0.365416,0.290171
-0.663496,0.560828,0.479272,-0.727845,0.266756,0.464776,0.341650
-0.409480,0.436302,0.490800,-0.596555,0.266702,0.408154,0.210673
-0.370970,0.425682,0.487547,-0.518074,0.196809,0.365862,0.256782
-0.542778,0.543486,0.574519,-0.616894,0.260298,0.441609,0.379967
-0.447992,0.451475,0.438436,-0.574828,0.239420,0.377325,0.246668
-0.367834,0.411737,0.453230,-0.514664,0.188197,0.355668,0.239580

-0.183754,0.188307,0.172522,-0.207557,0.057754,0.140687,0.134468
-0.199543,0.205124,0.209417,-0.262814,0.099439,0.171544,0.103192
-0.303377,0.279688,0.269358,-0.284735,0.145017,0.211408,0.202580
-0.319854,0.273002,0.239586,-0.326524,0.135704,0.214718,0.166005
-0.230626,0.224388,0.229076,-0.293759,0.132083,0.195241,0.105050
-0.255450,0.229957,0.207078,-0.259486,0.101333,0.180799,0.160723
-0.214199,0.229818,0.248820,-0.247037,0.119314,0.183979,0.147727
-0.134937,0.172985,0.174259,-0.177621,0.057441,0.123730,0.115126
-0.294155,0.266302,0.247057,-0.302476,0.128169,0.203230,0.172585
-0.142687,0.175891,0.210412,-0.214410,0.087697,0.152233,0.087351
-0.262504,0.237366,0.230899,-0.282753,0.135242,0.194852,0.130393
-0.199724,0.204248,0.208616,-0.239277,0.094762,0.170310,0.130499
-0.224135,0.220625,0.234946,-0.259336,0.114323,0.183716,0.126730
-0.254928,0.245190,0.239390,-0.285527,0.123961,0.191849,0.147725
-0.244026,0.238124,0.221711,-0.264248,0.113694,0.174868,0.151964
-0.193535,0.203070,0.231016,-0.250613,0.102530,0.177556,0.106054
-0.229771,0.223226,0.238970,-0.271178,0.128016,0.191426,0.116734
-0.144339,0.172549,0.202815,-0.223274,0.083452,0.160386,0.090649
-0.190236,0.205262,0.252493,-0.268696,0.124008,0.193948,0.091594
-0.184001,0.197553,0.195809,-0.207682,0.070363,0.147909,0.145868
-0.206719,0.219289,0.230568,-0.240494,0.102169,0.175484,0.141580
-0.071493,0.124300,0.134042,-0.129925,0.005265,0.087199,0.088478
-0.154142,0.175450,0.177704,-0.193869,0.050330,0.134207,0.122704
-0.223667,0.234691,0.239911,-0.242303,0.118852,0.178688,0.159246
-0.170650,0.187911,0.198489,-0.225960,0.109932,0.155275,0.089064
-0.273753,0.252172,0.244823,-0.309321,0.138931,0.207806,0.140410
-0.177004,0.189443,0.194492,-0.222725,0.085430,0.157103,0.117613
-0.179453,0.207802,0.227697,-0.219053,0.091311,0.161568,0.137100
-0.073766,0.129602,0.155529,-0.152239,0.046204,0.104331,0.060108
-0.230849,0.224133,0.211565,-0.270933,0.104931,0.176218,0.128880
-0.317237,0.267778,0.224646,-0.321079,0.126829,0.206662,0.162726
-0.262786,0.251785,0.247262,-0.266219,0.120506,0.194389,0.175292
-0.275805,0.250363,0.220495,-0.288877,0.119644,0.187272,0.155495
-0.183652,0.211212,0.242525,-0.239312,0.118284,0.178924,0.118991
-0.249887,0.238747,0.258575,-0.277272,0.123123,0.199514,0.142077
-0.095032,0.139683,0.158884,-0.165839,0.039540,0.115701,0.082242
-0.278548,0.251971,0.229168,-0.297125,0.121719,0.194462,0.152109
-0.262968,0.254114,0.245646,-0.263696,0.130863,0.191606,0.174209
-0.147571,0.172011,0.191369,-0.214033,0.068528,0.151208,0.099564
-0.133868,0.169376,0.192708,-0.196229,0.071943,0.142144,0.103376
-0.249690,0.249143,0.266066,-0.274817,0.139270,0.205106,0.154699
-0.291157,0.262528,0.240922,-0.305056,0.131799,0.202878,0.163087
-0.221726,0.216379,0.209899,-0.245000,0.102655,0.173915,0.145320
-0.336756,0.277828,0.232661,-0.337398,0.132078,0.219369,0.169442
-0.231638,0.223743,0.242622,-0.279812,0.135476,0.197416,0.109032
-0.196054,0.205552,0.218719,-0.241190,0.100311,0.174389,0.129257
-0.295682,0.277022,0.281366,-0.286025,0.134344,0.215297,0.202410
-0.240737,0.229086,0.214020,-0.281002,0.118073,0.182205,0.124325
-0.193848,0.198990,0.204861,-0.239697,0.095916,0.169884,0.120827

0.563951,0.042025,-0.321341,0.377296,-0.337169,0.035813,-0.516560
0.556182,0.039312,-0.318448,0.374422,-0.337437,0.033833,-0.519229
0.614584,0.060052,-0.379361,0.433432,-0.382147,0.020706,-0.548527
0.617375,0.060314,-0.385029,0.439542,-0.385584,0.016240,-0.558504
0.555156,0.034752,-0.326388,0.374787,-0.342443,0.027403,-0.518636
0.597241,0.049644,-0.366767,0.413930,-0.369595,0.021161,-0.535961
0.561559,0.039789,-0.329346,0.380531,-0.347827,0.030960,-0.516541
0.498260,0.011980,-0.262392,0.306998,-0.292859,0.047373,-0.467449
0.610074,0.058861,-0.376495,0.430856,-0.381095,0.020392,-0.549089
0.522643,0.023326,-0.289531,0.337568,-0.315925,0.039749,-0.491139
0.569119,0.038162,-0.339076,0.384864,-0.348544,0.025562,-0.519160
0.575026,0.045770,-0.339232,0.394082,-0.353175,0.029049,-0.529675
0.575348,0.043781,-0.341746,0.392420,-0.353046,0.027635,-0.525559
0.582683,0.049685,-0.347002,0.402960,-0.360618,0.027705,-0.532721
0.555534,0.034459,-0.325278,0.370349,-0.342053,0.031586,-0.503087
0.576450,0.048744,-0.336356,0.395521,-0.351219,0.031694,-0.532790
0.573175,0.043658,-0.338942,0.390874,-0.351380,0.028457,-0.525354
0.553906,0.038399,-0.318538,0.373970,-0.339136,0.033516,-0.520431
0.575128,0.048031,-0.339404,0.398576,-0.355659,0.028614,-0.538402
0.565510,0.041957,-0.328591,0.380419,-0.345579,0.034273,-0.512405
0.566196,0.042176,-0.329763,0.383447,-0.345641,0.031526,-0.521255
0.496812,0.015729,-0.254000,0.306041,-0.288838,0.053551,-0.468597
0.550490,0.036677,-0.312770,0.365797,-0.333937,0.037390,-0.507150
0.554626,0.035897,-0.321664,0.370254,-0.340200,0.032908,-0.506686
0.499344,0.008575,-0.269749,0.308543,-0.296648,0.042481,-0.466972
0.591237,0.050465,-0.359722,0.412793,-0.367877,0.021801,-0.541837
0.554419,0.035547,-0.320287,0.369700,-0.337495,0.033393,-0.509497
0.549358,0.036813,-0.313210,0.365930,-0.336149,0.037281,-0.505838
0.467727,-0.001132,-0.230984,0.273057,-0.268401,0.056538,-0.444386
0.562194,0.039878,-0.326469,0.379886,-0.342258,0.030402,-0.521446
0.610847,0.057609,-0.376679,0.431089,-0.377888,0.018181,-0.553006
0.593066,0.051142,-0.359006,0.411526,-0.366442,0.023640,-0.537836
0.574631,0.042605,-0.342764,0.391692,-0.354118,0.026425,-0.521763
0.550636,0.038422,-0.312634,0.368696,-0.335786,0.037176,-0.511460
0.611888,0.061710,-0.374792,0.433304,-0.380677,0.023110,-0.553069
0.512605,0.021704,-0.272409,0.324610,-0.302659,0.047346,-0.483090
0.590371,0.050724,-0.356867,0.409760,-0.365831,0.024402,-0.535589
0.571583,0.042248,-0.339105,0.388425,-0.352746,0.028404,-0.518350
0.561154,0.043529,-0.319537,0.379870,-0.339462,0.035727,-0.524615
0.533953,0.028954,-0.299836,0.349220,-0.325283,0.039808,-0.494331
0.596336,0.056236,-0.358544,0.417073,-0.369532,0.026846,-0.542026
0.597182,0.052968,-0.364548,0.417850,-0.371588,0.021500,-0.542521
0.572597,0.040724,-0.342669,0.389713,-0.353720,0.025967,-0.522189
0.635536,0.068176,-0.398877,0.457898,-0.393950,0.013414,-0.574537
0.573104,0.044107,-0.338918,0.392227,-0.351740,0.027846,-0.528936
0.577887,0.047480,-0.343083,0.398288,-0.357625,0.028556,-0.531646
0.642161,0.074026,-0.403287,0.465227,-0.402717,0.017694,-0.573641
0.553284,0.035098,-0.320045,0.371055,-0.337269,0.030534,-0.515382
0.569814,0.042123,-0.335785,0.387518,-0.349261,0.029075,-0.524165

0.253855,0.020289,-0.163368,0.197442,-0.176127,0.017095,-0.256061
0.251340,0.018936,-0.162508,0.196596,-0.176899,0.016113,-0.258470
0.274365,0.028861,-0.193543,0.225886,-0.200759,0.009799,-0.271436
0.275279,0.028966,-0.195566,0.228385,-0.202386,0.007694,-0.276342
0.251419,0.016716,-0.166894,0.197254,-0.180027,0.013018,-0.259002
0.267246,0.023906,-0.186023,0.215576,-0.193409,0.010060,-0.265568
0.253861,0.019163,-0.168648,0.200134,-0.182570,0.014706,-0.257215
0.227985,0.005794,-0.134546,0.163108,-0.153415,0.022615,-0.234286
0.272487,0.028296,-0.191541,0.224280,-0.199886,0.009668,-0.271954
0.238099,0.011257,-0.148141,0.178364,-0.165525,0.018967,-0.245576
0.257069,0.018364,-0.173300,0.202312,-0.183370,0.012133,-0.259034
0.258511,0.022048,-0.172540,0.205837,-0.184706,0.013835,-0.262466
0.259125,0.021082,-0.174250,0.205539,-0.185168,0.013144,-0.261285
0.261998,0.023903,-0.177172,0.210932,-0.189277,0.013151,-0.264716
0.251580,0.016607,-0.166550,0.195287,-0.179716,0.014998,-0.251655
0.259215,0.023471,-0.171264,0.206626,-0.183880,0.015100,-0.264103
0.258392,0.021007,-0.173005,0.204896,-0.184490,0.013525,-0.261466
0.250090,0.018507,-0.162026,0.195742,-0.177131,0.016001,-0.258285
0.258912,0.023098,-0.172969,0.208226,-0.186343,0.013622,-0.266960
0.254718,0.020251,-0.167225,0.199176,-0.180513,0.016342,-0.254468
0.255364,0.020321,-0.168463,0.201233,-0.181223,0.014996,-0.258991
0.226723,0.007623,-0.129406,0.161706,-0.150376,0.025695,-0.233771
0.248645,0.017718,-0.159072,0.191756,-0.174225,0.017867,-0.251879
0.251186,0.017297,-0.164991,0.195280,-0.178771,0.015623,-0.252841
0.228983,0.004138,-0.138622,0.164259,-0.156019,0.020225,-0.235165
0.265413,0.024250,-0.183390,0.215704,-0.193241,0.010339,-0.269123
0.250472,0.017143,-0.163122,0.193976,-0.176536,0.015920,-0.253582
0.248755,0.017757,-0.160269,0.192646,-0.176104,0.017750,-0.251992
0.215217,-0.000548,-0.118302,0.145447,-0.140339,0.027068,-0.223614
0.253854,0.019206,-0.166737,0.199550,-0.179638,0.014458,-0.259536
0.272734,0.027683,-0.191406,0.224344,-0.198405,0.008619,-0.273867
0.265988,0.024612,-0.183161,0.215115,-0.192319,0.011217,-0.266536
0.259014,0.020510,-0.175099,0.205669,-0.186090,0.012538,-0.260092
0.249385,0.018504,-0.160194,0.194127,-0.176221,0.017678,-0.254875
0.273014,0.029670,-0.190337,0.224920,-0.199287,0.010981,-0.273226
0.233351,0.010496,-0.138837,0.171193,-0.157877,0.022672,-0.240922
0.264991,0.024400,-0.181859,0.214193,-0.192019,0.011580,-0.266151
0.257976,0.020339,-0.173773,0.204333,-0.185510,0.013464,-0.258255
0.252714,0.020991,-0.162360,0.198454,-0.177153,0.017067,-0.259743
0.242295,0.013979,-0.152915,0.183778,-0.169933,0.019008,-0.246566
0.267271,0.027029,-0.183042,0.217717,-0.193938,0.012732,-0.268583
0.267683,0.025464,-0.185826,0.218216,-0.195151,0.010192,-0.269239
0.257834,0.019620,-0.174460,0.204032,-0.185238,0.012352,-0.259471
0.281788,0.032719,-0.201954,0.236731,-0.206626,0.006355,-0.283061
0.258409,0.021212,-0.173036,0.205575,-0.184763,0.013231,-0.263170
0.259659,0.022864,-0.174479,0.207867,-0.186968,0.013597,-0.263399
0.284245,0.035550,-0.204621,0.240210,-0.210786,0.008382,-0.281796
0.250580,0.016898,-0.163788,0.195471,-0.177312,0.014507,-0.257182
0.256509,0.020293,-0.170777,0.202643,-0.182700,0.013851,-0.260191

