-0.343654
-0.295746
-0.166190
-0.267813
-0.244954
-0.292182
-0.184171
-0.291075
-0.222341
-0.266602
-0.252699
-0.269419
-0.257627
-0.214277
-0.212683
-0.287144
-0.249495
-0.292532
-0.243701
-0.271875
-0.244603
-0.382057
-0.324900
-0.179678
-0.247017
-0.228366
-0.286925
-0.225515
-0.334643
-0.273826
-0.296876
-0.217555
-0.247902
-0.200811
-0.242118
-0.348773
-0.256698
-0.182636
-0.325412
-0.268722
-0.186703
-0.225466
-0.251793
-0.310320
-0.246586
-0.246975
-0.182405
-0.256342
-0.282776

-0.179522
-0.146065
-0.083082
-0.132835
-0.121858
-0.154004
-0.091973
-0.143513
-0.110915
-0.130270
-0.123650
-0.142493
-0.126038
-0.106986
-0.106209
-0.139888
-0.122134
-0.154167
-0.119440
-0.143741
-0.121381
-0.198161
-0.170382
-0.089729
-0.120960
-0.113842
-0.151345
-0.112162
-0.161745
-0.135699
-0.146611
-0.108297
-0.123288
-0.100081
-0.118687
-0.181999
-0.127516
-0.091184
-0.170546
-0.142131
-0.093173
-0.112434
-0.133497
-0.152916
-0.120755
-0.131026
-0.091105
-0.127343
-0.149251

0.231955
0.228147
0.223288
0.222273
0.223968
0.224691
0.222536
0.232153
0.221393
0.227057
0.225181
0.226226
0.225939
0.222961
0.222467
0.228400
0.225670
0.226824
0.224756
0.224996
0.227471
0.233744
0.226649
0.224240
0.229200
0.222863
0.226646
0.224661
0.235143
0.227907
0.224017
0.224763
0.223194
0.226241
0.222615
0.232630
0.222370
0.223203
0.229646
0.224972
0.223264
0.222338
0.224148
0.225368
0.225707
0.223667
0.221901
0.226472
0.226242

0.116004
0.114075
0.111560
0.111194
0.111988
0.112420
0.111218
0.116006
0.110712
0.113506
0.112581
0.113135
0.112954
0.111462
0.111220
0.114181
0.112814
0.113454
0.112364
0.112542
0.113684
0.116919
0.113411
0.112038
0.114519
0.111432
0.113361
0.112300
0.117499
0.113931
0.112075
0.112339
0.111616
0.113034
0.111324
0.116337
0.111227
0.111539
0.114864
0.112526
0.111574
0.111173
0.112104
0.112746
0.112828
0.111865
0.110908
0.113215
0.113160

