0.014142,0.225384,-0.331807
0.021954,0.215730,-0.313470
0.003784,0.157322,-0.307185
0.003411,0.196606,-0.304936
0.005906,0.121233,-0.266886
0.056571,0.089064,-0.225920
-0.009560,0.135370,-0.296358
-0.052370,0.188577,-0.358222
-0.009231,0.207860,-0.337906
-0.054376,0.169428,-0.300391
0.019802,0.216937,-0.342428
-0.022551,0.179129,-0.338723
-0.051597,0.262466,-0.337245
-0.078624,0.176479,-0.328120
-0.025742,0.186327,-0.287634
-0.069327,0.202447,-0.364659
-0.017363,0.167244,-0.314666
-0.017212,0.189996,-0.319585
-0.004377,0.195539,-0.295428
-0.018582,0.217249,-0.335824
0.035848,0.148744,-0.280962
-0.090673,0.202910,-0.377483
-0.114375,0.191749,-0.416515
-0.096248,0.174109,-0.362668
-0.039704,0.171461,-0.291941
-0.073358,0.178078,-0.314576
0.029705,0.187728,-0.305433
-0.050860,0.204687,-0.356346
-0.003578,0.167776,-0.310928
-0.078990,0.198954,-0.374547
-0.038072,0.249725,-0.348277
-0.080826,0.272323,-0.345085
0.032789,0.221079,-0.314668
-0.015406,0.220999,-0.357180
-0.079083,0.205523,-0.361152
-0.061688,0.136845,-0.353422
-0.051344,0.163386,-0.313714
0.001889,0.134148,-0.285836
-0.068243,0.196800,-0.356885
-0.004717,0.148504,-0.263085
-0.020058,0.148778,-0.305222
-0.058003,0.192265,-0.351571
0.053329,0.094677,-0.241986
0.055144,0.088886,-0.233270
-0.079955,0.215923,-0.396570
-0.089376,0.192798,-0.351512
0.025220,0.100240,-0.241238
-0.055046,0.221083,-0.317860
-0.032442,0.163038,-0.268969

0.007298,0.104076,-0.157105
0.011324,0.099665,-0.148920
0.001954,0.076543,-0.152475
0.001760,0.091020,-0.144964
0.003080,0.058527,-0.122270
0.029442,0.042961,-0.104089
-0.004936,0.065956,-0.147241
-0.027057,0.091771,-0.176067
-0.004767,0.096279,-0.159688
-0.029800,0.082418,-0.139109
0.010221,0.100294,-0.161752
-0.011650,0.083221,-0.159831
-0.028281,0.126479,-0.155622
-0.040545,0.085904,-0.162094
-0.014109,0.090431,-0.133665
-0.035797,0.098428,-0.179017
-0.008965,0.081350,-0.155965
-0.008887,0.088125,-0.151450
-0.002258,0.090524,-0.140660
-0.009596,0.105228,-0.166030
0.018687,0.071682,-0.128611
-0.046787,0.098717,-0.184721
-0.058991,0.093528,-0.201790
-0.049648,0.084911,-0.177853
-0.021763,0.083354,-0.135449
-0.037826,0.086630,-0.155836
0.015324,0.086991,-0.145238
-0.026267,0.099389,-0.175254
-0.001847,0.081580,-0.154262
-0.040763,0.096757,-0.183370
-0.019652,0.115183,-0.164417
-0.044247,0.131141,-0.158989
0.016908,0.102060,-0.149514
-0.007958,0.102284,-0.168186
-0.040813,0.099897,-0.177419
-0.031877,0.066869,-0.173533
-0.026498,0.079550,-0.155416
0.000986,0.064788,-0.130629
-0.035221,0.095669,-0.175423
-0.002459,0.071581,-0.120709
-0.010356,0.072455,-0.151445
-0.029950,0.093475,-0.172987
0.027767,0.045684,-0.111259
0.028706,0.042885,-0.107363
-0.041281,0.104875,-0.193254
-0.046081,0.093780,-0.172887
0.013143,0.048379,-0.110893
-0.030163,0.107062,-0.147027
-0.017778,0.079262,-0.125261

-0.002878,0.184097,0.322908
-0.001971,0.182411,0.321550
0.000043,0.180400,0.318839
0.000053,0.180144,0.319857
0.001468,0.178600,0.318311
0.004066,0.174756,0.315036
0.002808,0.176321,0.316135
-0.002572,0.182927,0.321559
-0.003744,0.186517,0.323997
-0.000259,0.181743,0.322051
-0.003609,0.185879,0.323222
0.000285,0.181896,0.320574
-0.004604,0.183947,0.324094
0.001661,0.180624,0.320160
0.000702,0.179221,0.319459
-0.003289,0.184838,0.323956
-0.002174,0.182122,0.321682
0.001110,0.179788,0.319403
0.000889,0.178967,0.319585
-0.003772,0.183148,0.322456
-0.001298,0.181583,0.320854
-0.004180,0.187213,0.326309
-0.007512,0.194747,0.330910
-0.002089,0.186784,0.325126
0.000604,0.181246,0.320794
0.001439,0.178449,0.319728
0.000009,0.179165,0.318190
-0.002833,0.184171,0.323195
-0.001170,0.180355,0.319558
-0.004178,0.189598,0.326370
-0.006753,0.187230,0.327301
-0.005801,0.185672,0.326142
-0.003161,0.183831,0.322074
-0.005228,0.188073,0.325814
-0.003207,0.184659,0.324060
-0.000162,0.184996,0.321610
0.000842,0.179264,0.319404
-0.000395,0.181278,0.320403
-0.002028,0.184673,0.322889
0.000251,0.178502,0.318989
0.000781,0.179488,0.318849
-0.001899,0.184311,0.323390
0.002420,0.176734,0.316343
0.003410,0.176229,0.315648
-0.009091,0.194917,0.331759
-0.003972,0.186942,0.326078
0.001666,0.177958,0.317880
0.000709,0.178252,0.318616
0.006652,0.172075,0.313162

-0.001494,0.097979,0.161735
-0.001023,0.097064,0.161122
0.000023,0.096002,0.159802
0.000027,0.095892,0.160313
0.000762,0.095005,0.159626
0.002110,0.092843,0.158154
0.001457,0.093862,0.158521
-0.001335,0.097492,0.160989
-0.001942,0.099286,0.162216
-0.000134,0.096842,0.161314
-0.001873,0.098897,0.161871
0.000148,0.096860,0.160581
-0.002388,0.098088,0.162267
0.000862,0.096312,0.160340
0.000364,0.095462,0.160135
-0.001707,0.098548,0.162101
-0.001128,0.096966,0.161125
0.000576,0.095745,0.160061
0.000461,0.095286,0.160191
-0.001957,0.097557,0.161477
-0.000673,0.096538,0.160843
-0.002169,0.099847,0.163174
-0.003897,0.103858,0.165258
-0.001084,0.099600,0.162620
0.000313,0.096546,0.160742
0.000747,0.095157,0.160162
0.000005,0.095316,0.159542
-0.001470,0.098156,0.161768
-0.000607,0.096006,0.160137
-0.002168,0.101068,0.163210
-0.003503,0.099767,0.163755
-0.003008,0.099074,0.163201
-0.001640,0.097791,0.161377
-0.002713,0.100134,0.163048
-0.001664,0.098476,0.162148
-0.000084,0.098547,0.160988
0.000437,0.095527,0.160022
-0.000205,0.096437,0.160592
-0.001052,0.098448,0.161605
0.000130,0.095000,0.159954
0.000405,0.095565,0.159790
-0.000985,0.098232,0.161854
0.001256,0.093898,0.158753
0.001769,0.093621,0.158433
-0.004716,0.103890,0.165718
-0.002060,0.099686,0.163097
0.000864,0.094604,0.159463
0.000368,0.095053,0.159688
0.003451,0.091685,0.157162

