0.021338,0.012541,-0.134997,-0.026983,-0.005090,0.002422,-0.072035
0.025669,-0.017914,-0.244658,0.054711,0.002868,-0.028528,-0.007698
0.019503,0.002789,-0.120125,0.064973,0.023473,-0.021803,-0.025208
-0.916701,0.844565,0.537538,-0.547032,0.629236,0.702312,0.686394
0.649450,-0.600459,0.068389,0.410867,-0.359102,-0.462450,-0.347644
-0.339651,0.426867,-0.185422,-0.080295,0.526595,0.259076,0.477773
0.217568,-0.158072,-0.562267,0.299649,-0.028153,-0.237620,-0.092217
-0.385895,0.456427,-0.101732,-0.231469,0.551687,0.322360,0.562295
-0.729899,0.712615,0.058603,-0.454099,0.597361,0.571238,0.606781
-0.044855,0.063090,0.413245,0.050255,0.053357,0.020827,-0.072966
0.034930,-0.015062,-0.293184,0.083031,0.000408,-0.039175,-0.028642
0.525261,-0.519595,0.054862,0.270346,-0.535085,-0.373265,-0.024014
0.014063,-0.001981,-0.020657,0.029620,0.035755,-0.015886,-0.006822
-0.420310,0.484037,0.058377,-0.246604,0.561159,0.353429,0.586644
0.025584,-0.005983,-0.286128,0.040438,-0.001093,-0.018570,-0.072966
0.529308,-0.524961,-0.074987,0.287680,-0.543528,-0.382456,-0.029550
0.530397,-0.527879,-0.193513,0.332954,-0.551594,-0.390131,-0.038303
-0.035182,0.040534,-0.067295,0.069803,0.035887,0.003447,-0.015007
0.688931,-0.639373,-0.398045,0.430653,-0.379123,-0.518818,-0.380955
-0.029197,0.030710,-0.150716,0.007630,0.009650,0.012273,0.059440
-0.800425,0.772805,0.436529,-0.475095,0.631146,0.620714,0.620310
0.689374,-0.639824,-0.409581,0.430369,-0.379857,-0.519268,-0.381406
0.089864,-0.059883,-0.353184,0.170326,-0.015106,-0.118386,-0.037140
0.010730,0.003198,-0.100762,0.025861,0.007839,-0.005337,-0.051453
-0.429994,0.500340,-0.053958,-0.276048,0.563993,0.351748,0.732102
0.202058,-0.142519,-0.401845,0.274265,-0.016075,-0.182725,-0.255784
0.004715,0.023777,0.073255,-0.038814,0.011223,0.013835,-0.041258
-0.339586,0.317526,0.555063,-0.053644,0.196486,0.200880,0.045206
0.682439,-0.631961,-0.393716,0.430749,-0.380076,-0.503103,-0.379349
0.133766,-0.108240,-0.046888,0.057570,-0.001169,-0.095310,0.035013
0.561093,-0.503201,-0.226515,0.425306,-0.151944,-0.430740,-0.219607
-0.419621,0.475034,-0.003323,-0.213988,0.569479,0.326055,0.592573
-0.369183,0.443217,-0.060818,-0.218211,0.549520,0.306895,0.557099
0.032281,-0.003246,-0.262091,0.026421,-0.012735,-0.017214,-0.077956
0.057270,-0.032073,-0.303182,0.110976,-0.018395,-0.067411,-0.065021
0.130408,-0.101610,0.202179,0.117952,0.017278,-0.100856,-0.105626
0.026921,-0.001231,-0.150889,0.029088,-0.004164,-0.015815,-0.066224
-0.025867,0.037334,-0.073290,0.111914,0.030204,-0.016497,-0.019620
0.035731,-0.025163,-0.124049,0.032277,0.008217,-0.028640,-0.026879
0.790021,-0.695986,-0.223995,0.628410,-0.245759,-0.642239,-0.559684
0.007095,0.014402,0.225488,-0.011843,0.023413,0.000005,-0.035719
-0.077409,0.073456,0.740477,-0.054222,0.045510,0.067773,0.040632
0.514389,-0.512240,0.294579,0.287860,-0.522226,-0.366110,-0.011490
0.691942,-0.642674,-0.502837,0.442900,-0.385118,-0.525251,-0.388498
0.022682,-0.007384,-0.150008,0.052652,0.018500,-0.028057,-0.017082
-0.024817,0.049585,-0.178539,0.111040,0.047384,-0.034949,-0.004273
-0.749906,0.732920,0.038162,-0.441509,0.595893,0.596040,0.587282
-0.051805,0.056624,0.474945,-0.075736,0.027078,0.069065,0.083505
0.034815,-0.009417,-0.223492,0.034491,-0.009638,-0.027681,-0.068283

0.019985,0.011625,-0.100369,-0.021312,-0.003851,0.002256,-0.055523
0.025230,-0.017640,-0.176242,0.039375,0.002765,-0.027493,-0.000566
0.019180,0.002747,-0.088127,0.047575,0.022655,-0.021083,-0.001976
-0.720986,0.685306,0.402532,-0.446553,0.554543,0.599316,0.118528
0.470863,-0.431607,0.018389,0.311724,-0.319238,-0.403118,-0.164510
-0.280107,0.340996,-0.115019,-0.076723,0.436585,0.245825,0.425252
0.203151,-0.149049,-0.344074,0.226365,-0.025456,-0.221538,-0.020195
-0.319590,0.365676,-0.063369,-0.218644,0.459324,0.303450,0.488393
-0.594663,0.584325,0.041061,-0.396146,0.515835,0.503232,0.428759
-0.042890,0.060366,0.266365,0.042146,0.049622,0.020225,-0.024843
0.034266,-0.014810,-0.208257,0.059468,0.000392,-0.037648,-0.002232
0.467941,-0.463721,0.021742,0.170819,-0.481410,-0.339310,-0.001325
0.013855,-0.001954,-0.015325,0.021939,0.034628,-0.015414,-0.000515
-0.347255,0.386412,0.036416,-0.233102,0.468385,0.331336,0.506817
0.021119,-0.004688,-0.188641,0.035484,-0.000614,-0.017303,-0.069548
0.469410,-0.466251,-0.029189,0.178000,-0.486802,-0.344734,-0.001662
0.468258,-0.466541,-0.073332,0.201143,-0.491589,-0.348607,-0.002237
-0.034613,0.039944,-0.049815,0.050745,0.034674,0.003335,-0.001120
0.440468,-0.400689,-0.091549,0.313750,-0.320199,-0.426650,-0.195723
-0.024282,0.024143,-0.101008,0.006788,0.005579,0.011528,0.056927
-0.645517,0.630463,0.300977,-0.413188,0.545665,0.541814,0.399362
0.439778,-0.400051,-0.093766,0.313114,-0.320464,-0.426428,-0.195759
0.087564,-0.058560,-0.244368,0.124302,-0.014388,-0.113178,-0.003681
0.008892,0.002514,-0.068103,0.022819,0.004453,-0.004993,-0.049165
-0.353140,0.394053,-0.033055,-0.260551,0.471071,0.330303,0.603416
0.156637,-0.105853,-0.258806,0.230596,-0.007800,-0.165348,-0.239176
0.004455,0.022247,0.055243,-0.031264,0.008788,0.013044,-0.031876
-0.323698,0.304539,0.387507,-0.039017,0.189600,0.193433,0.002678
0.447382,-0.407470,-0.092366,0.313967,-0.323936,-0.418028,-0.188999
0.130793,-0.106140,-0.034274,0.044684,-0.001130,-0.092510,0.003415
0.283973,-0.226878,-0.042258,0.352532,-0.124087,-0.372432,-0.187676
-0.358404,0.397431,-0.002186,-0.201005,0.479678,0.306949,0.492661
-0.306375,0.355840,-0.038001,-0.206503,0.457136,0.289754,0.484858
0.030010,-0.002985,-0.190730,0.020746,-0.009364,-0.015927,-0.060633
0.050613,-0.028315,-0.178820,0.092489,-0.015397,-0.063571,-0.035127
0.110452,-0.083190,0.139730,0.101590,0.010145,-0.093927,-0.098637
0.025064,-0.001133,-0.111652,0.023160,-0.003084,-0.014724,-0.052291
-0.025437,0.036771,-0.054156,0.081708,0.029146,-0.015959,-0.001542
0.031840,-0.022335,-0.075161,0.027597,0.006985,-0.027308,-0.015491
0.325013,-0.268979,-0.043622,0.470557,-0.183119,-0.502880,-0.428402
0.006727,0.013524,0.168547,-0.009693,0.018560,0.000005,-0.027830
-0.066163,0.059682,0.432036,-0.049020,0.028484,0.064590,0.039056
0.461677,-0.459994,0.116791,0.187824,-0.472813,-0.336471,-0.000638
0.431510,-0.392360,-0.110466,0.317780,-0.321320,-0.425895,-0.199482
0.022304,-0.007274,-0.109652,0.038431,0.017855,-0.027110,-0.001315
-0.024262,0.048581,-0.128444,0.079132,0.045176,-0.033486,-0.000394
-0.606633,0.597008,0.026845,-0.385267,0.514989,0.520284,0.412499
-0.049513,0.054008,0.293863,-0.066003,0.025336,0.067364,0.035394
0.032303,-0.008635,-0.163350,0.027346,-0.007048,-0.025674,-0.053999

-0.061124,0.036818,0.000518,0.000568,-0.013824,-0.041946,0.010790
-0.080960,-0.196826,0.043716,-0.060272,0.022160,0.151739,-0.438563
-0.059286,-0.101797,-0.007472,-0.007884,-0.021998,0.055205,-0.325364
1.533384,1.127121,-1.311195,1.365560,-1.443412,-1.084766,-1.248006
-0.188111,-0.893395,0.299119,-0.270911,0.212737,0.911053,0.021433
0.397723,-0.028746,-0.571693,0.633026,-0.573685,-0.093002,-0.322312
-0.226633,-0.800287,0.194318,-0.181815,0.163246,0.755930,0.029125
0.665471,0.364181,-0.704899,0.741644,-0.721970,-0.412237,-0.610364
0.902355,0.749575,-0.904190,0.917606,-0.919969,-0.694081,-0.882324
0.302445,0.211885,-0.198429,0.241843,-0.359358,-0.315825,-0.464605
-0.090802,-0.208368,0.023144,-0.038676,0.010859,0.159557,-0.271988
-0.150874,-0.794169,0.225447,-0.212513,0.164648,0.839310,-0.152252
-0.039836,-0.049915,-0.006576,-0.014720,-0.028277,0.016235,-0.454783
0.836874,0.489348,-0.787191,0.827579,-0.845805,-0.511667,-0.776127
-0.072392,-0.164720,0.053704,-0.048710,0.040132,0.173092,0.015917
-0.154464,-0.804475,0.231807,-0.218320,0.173421,0.848110,-0.198699
-0.137195,-0.819472,0.223959,-0.205371,0.161779,0.856259,-0.164609
0.102973,0.105675,-0.140652,0.139201,-0.199127,-0.197240,-0.401999
-0.357906,-1.031231,0.354805,-0.345446,0.326353,1.027836,0.165616
0.198426,0.071591,-0.120963,0.144781,-0.163594,-0.064295,-0.381092
1.179836,1.051826,-1.098996,1.124623,-1.187088,-1.010897,-0.904613
-0.355663,-1.032647,0.352183,-0.343177,0.322985,1.028217,0.192077
-0.175478,-0.505544,0.140514,-0.152344,0.117278,0.475370,-0.310152
0.022303,-0.079745,-0.004415,0.011156,-0.032978,0.091237,-0.048143
0.847482,0.425852,-0.817387,0.859296,-0.853886,-0.460339,-0.748266
-0.563283,-1.156907,0.420963,-0.408757,0.421488,1.130740,0.316663
0.024318,0.130288,-0.039575,0.038720,-0.086155,-0.131980,-0.139765
1.261049,1.100443,-0.947124,1.046741,-1.203098,-1.100581,-0.792843
-0.313763,-0.966869,0.331847,-0.321513,0.292120,0.966623,0.249597
-0.190198,-0.490103,0.174494,-0.194083,0.151844,0.489605,-0.454617
-0.427288,-1.169388,0.413190,-0.406664,0.383580,1.168592,-0.027129
0.598530,0.276031,-0.683389,0.719634,-0.679064,-0.335248,-0.868350
0.586894,0.273324,-0.674717,0.717003,-0.674169,-0.329777,-0.543463
-0.080189,-0.066402,0.038454,-0.037698,0.031483,0.070385,-0.005973
-0.155785,-0.296973,0.097962,-0.108076,0.062902,0.229313,-0.108852
-0.246800,-0.510268,0.207457,-0.222973,0.197843,0.556883,-0.189345
-0.065145,-0.036458,0.019799,-0.020093,0.014282,0.052696,-0.076275
0.038155,0.014885,-0.085233,0.081253,-0.132646,-0.095332,-0.416862
-0.077320,-0.072255,0.042844,-0.061141,0.017848,0.064492,-0.316376
-0.629494,-1.578501,0.540291,-0.501907,0.513008,1.501999,0.440840
0.028451,0.112503,-0.032165,0.024475,-0.090635,-0.112674,-0.326032
0.465900,0.320818,-0.297890,0.329378,-0.409446,-0.297334,-0.602790
-0.159753,-0.796361,0.254632,-0.238930,0.189115,0.844050,-0.284711
-0.368038,-1.056715,0.358003,-0.347970,0.331348,1.047662,0.225543
-0.064631,-0.129494,0.005935,-0.024363,-0.014089,0.082061,-0.346868
0.099101,-0.002986,-0.149616,0.159052,-0.196682,-0.111099,-0.301391
0.909420,0.747085,-0.905950,0.928033,-0.924055,-0.691767,-0.696952
0.185887,0.267209,-0.129530,0.133529,-0.207623,-0.300979,-0.558913
-0.084166,-0.089063,0.044165,-0.047246,0.039622,0.104765,-0.101076

-0.030987,0.021589,0.000296,0.000354,-0.007790,-0.025050,0.005641
-0.046060,-0.106159,0.035591,-0.050013,0.017364,0.087879,-0.100694
-0.035529,-0.052673,-0.006184,-0.006639,-0.017581,0.030393,-0.080767
0.900616,0.035600,-0.858757,0.873570,-0.889005,-0.031505,-0.563194
-0.022463,-0.627794,0.071475,-0.068299,0.043319,0.648607,0.003446
0.332857,-0.011584,-0.450153,0.497578,-0.454138,-0.035516,-0.293226
-0.064923,-0.487093,0.098860,-0.096059,0.074651,0.487837,0.007583
0.536857,0.104894,-0.556421,0.587404,-0.570134,-0.110040,-0.504885
0.698888,0.059085,-0.695179,0.709206,-0.706657,-0.048562,-0.618924
0.215425,0.079988,-0.176029,0.215502,-0.304492,-0.120022,-0.101392
-0.049430,-0.113530,0.018395,-0.031367,0.008266,0.093008,-0.066182
-0.025875,-0.564380,0.111221,-0.103564,0.068495,0.604461,-0.015832
-0.025177,-0.025144,-0.005576,-0.012679,-0.023266,0.008696,-0.109025
0.642596,0.111328,-0.612807,0.643759,-0.647211,-0.106093,-0.594388
-0.031468,-0.124623,0.026649,-0.025228,0.019125,0.133355,0.012512
-0.024786,-0.574078,0.109516,-0.102124,0.068547,0.613572,-0.020162
-0.020619,-0.584653,0.101031,-0.091814,0.060579,0.620486,-0.016547
0.067275,0.049821,-0.121537,0.121689,-0.166321,-0.097630,-0.096220
-0.032660,-0.710781,0.055871,-0.056072,0.043051,0.720249,0.051141
0.105300,0.050836,-0.071310,0.089204,-0.093956,-0.046474,-0.288022
0.815326,0.035146,-0.788982,0.801797,-0.820100,-0.028425,-0.539366
-0.032402,-0.711061,0.055204,-0.055384,0.042420,0.720036,0.059659
-0.080669,-0.288211,0.102969,-0.114294,0.081047,0.290699,-0.066785
0.010823,-0.058984,-0.002392,0.006297,-0.017310,0.068587,-0.038088
0.650874,0.099996,-0.632149,0.662371,-0.654454,-0.098472,-0.588679
-0.116276,-0.723745,0.113445,-0.108427,0.101283,0.725464,0.244615
0.013994,0.070276,-0.025265,0.026694,-0.054524,-0.072138,-0.070140
0.770552,0.173234,-0.715132,0.758987,-0.805155,-0.175890,-0.229290
-0.029226,-0.677145,0.052783,-0.053529,0.039317,0.687657,0.065733
-0.099332,-0.269264,0.136302,-0.154306,0.113499,0.285907,-0.091715
-0.066224,-0.747554,0.091275,-0.089571,0.073605,0.757091,-0.015971
0.499437,0.080330,-0.547584,0.578209,-0.548930,-0.090581,-0.657266
0.484719,0.085797,-0.536034,0.570240,-0.539316,-0.096045,-0.463499
-0.036312,-0.043711,0.019924,-0.021233,0.015912,0.047348,-0.003520
-0.069390,-0.172245,0.057229,-0.067699,0.035351,0.138799,-0.039630
-0.101383,-0.380146,0.097518,-0.106700,0.088562,0.414752,-0.149171
-0.030912,-0.024216,0.010587,-0.011596,0.007464,0.035723,-0.047511
0.024224,0.007325,-0.072916,0.070404,-0.109700,-0.049631,-0.097763
-0.039092,-0.042418,0.025344,-0.039193,0.010361,0.038738,-0.141099
-0.045955,-0.874438,0.061881,-0.052797,0.047292,0.869376,0.264240
0.016928,0.060148,-0.021047,0.017216,-0.058865,-0.060769,-0.158368
0.309748,0.182587,-0.213058,0.243105,-0.285993,-0.168933,-0.424471
-0.030505,-0.561941,0.135366,-0.125557,0.086077,0.603581,-0.027797
-0.032834,-0.722194,0.054436,-0.054163,0.042122,0.729272,0.074932
-0.038203,-0.067816,0.004893,-0.020445,-0.011208,0.045832,-0.084365
0.061612,-0.001455,-0.127057,0.136529,-0.160768,-0.057139,-0.070690
0.702201,0.055035,-0.695531,0.713738,-0.708247,-0.044514,-0.525726
0.139235,0.098744,-0.113292,0.119497,-0.178329,-0.113908,-0.143308
-0.037940,-0.061137,0.022716,-0.026227,0.019823,0.073528,-0.063930

