0.011157,-0.010259,0.005925
-0.038834,0.081957,-0.010259
-0.342888,0.472888,-0.728677
0.006384,-0.013779,-0.004944
0.598084,-0.393349,0.617458
0.591271,-0.424809,0.494751
-0.300373,0.333078,-0.706257
-1.177982,0.961732,-1.078507
-0.033632,0.087830,-0.021394
-0.095994,0.101278,-0.138791
-0.011393,0.011444,0.011135
-0.271678,0.126418,-0.154041
-0.008483,0.051245,-0.002373
-0.850619,0.773942,-0.870589
-0.012084,0.006183,-0.011096
-1.298768,1.062950,-1.105822
-0.327426,0.412939,-0.723425
-0.033198,0.026770,-0.029962
-0.013657,0.034050,-0.006574
-0.793371,0.673892,-0.860456
0.599515,-0.421593,0.596534
-1.299559,1.080243,-1.105996
-1.955546,1.618771,-1.304983
-1.377104,1.219617,-1.125684
-0.052269,0.076848,-0.047844
-0.797172,0.670314,-0.860679
0.225322,-0.160486,0.095277
-0.781800,0.671219,-0.860074
-0.324206,0.400201,-0.722771
-0.868595,0.932166,-0.866005
-0.003453,0.051254,-0.009322
-0.019978,0.091873,-0.002739
-0.015748,0.034927,-0.003727
-0.090942,0.108059,-0.039617
-1.282234,1.008428,-1.103431
-0.939538,0.882748,-1.007057
-0.710708,0.667351,-0.825521
0.534989,-0.357541,0.658363
-0.819070,0.800174,-0.860774
0.607683,-0.414907,0.604020
-0.330413,0.429800,-0.725135
-0.858048,0.804948,-0.870509
0.587707,-0.417487,0.490814
0.593429,-0.429061,0.496347
-1.136864,1.031373,-0.924807
-0.943129,0.887329,-0.910075
0.588524,-0.417176,0.492772
0.007379,0.013959,0.002825
0.038305,-0.184608,0.003625

0.011068,-0.009876,0.005243
-0.038536,0.078677,-0.009351
-0.326277,0.433561,-0.590652
0.006339,-0.013239,-0.004574
0.522721,-0.329561,0.452502
0.506075,-0.362412,0.119327
-0.288121,0.316219,-0.576672
-0.824004,0.728285,-0.792242
-0.033509,0.083567,-0.021282
-0.095301,0.098704,-0.085427
-0.011315,0.010988,0.010410
-0.264407,0.119535,-0.152375
-0.008463,0.049813,-0.002246
-0.686720,0.636618,-0.697147
-0.012037,0.006044,-0.007962
-0.858713,0.768400,-0.802278
-0.312451,0.384772,-0.585843
-0.033073,0.025517,-0.029792
-0.013566,0.032695,-0.006163
-0.655259,0.576296,-0.690126
0.521062,-0.352321,0.380946
-0.858948,0.774783,-0.802347
-0.958584,0.900901,-0.862893
-0.877827,0.819718,-0.809308
-0.052028,0.074978,-0.034393
-0.657357,0.573953,-0.690226
0.220561,-0.152729,0.093345
-0.648735,0.574663,-0.689842
-0.309549,0.374095,-0.584845
-0.696573,0.717702,-0.695886
-0.003441,0.048870,-0.009268
-0.019931,0.089143,-0.002608
-0.015627,0.033598,-0.003351
-0.090401,0.102573,-0.039415
-0.854295,0.747212,-0.801398
-0.732136,0.693769,-0.763750
-0.605957,0.572543,-0.668288
0.482958,-0.296127,0.566457
-0.670022,0.651566,-0.691774
0.526966,-0.347950,0.386105
-0.315135,0.398739,-0.586989
-0.690708,0.653879,-0.697447
0.503633,-0.356905,0.117614
0.507489,-0.365631,0.119286
-0.809508,0.757454,-0.726835
-0.732470,0.695837,-0.718488
0.504303,-0.356649,0.119354
0.007361,0.013583,0.002654
0.038140,-0.177906,0.002916

-0.035048,-0.023222,-0.061889
-0.339864,0.242540,0.074765
-0.771229,0.886763,0.728412
-0.027612,-0.022404,-0.057920
0.858776,-0.866641,-0.265521
1.243589,-1.104620,-0.536947
-0.691938,0.858523,0.659418
-1.078930,1.056235,1.445297
-0.400456,0.291212,0.196472
-0.529713,0.560435,0.395291
-0.107137,0.027419,-0.026049
-1.006490,0.917816,1.075580
-0.213432,0.138744,0.025087
-1.008799,1.012181,1.042145
-0.105181,0.132271,0.030820
-1.094650,1.059710,1.561430
-0.752032,0.878832,0.712245
-0.315559,0.218046,0.162266
-0.171207,0.105426,0.012736
-0.957753,0.977783,0.912254
0.945551,-0.953717,-0.365126
-1.095672,1.059813,1.576272
-1.102184,1.060025,2.343731
-1.101923,1.062162,1.749493
-0.363527,0.380731,0.211598
-0.949653,0.981428,0.928701
0.687682,-0.680442,-0.337256
-0.951149,0.973704,0.913241
-0.750529,0.877947,0.711845
-1.046234,1.022746,1.122917
-0.221923,0.130420,0.052317
-0.308697,0.219331,0.071182
-0.193384,0.114275,0.004575
-0.611016,0.492919,0.448455
-1.092461,1.059388,1.530943
-1.077292,1.056164,1.473977
-0.795294,0.920031,0.704858
0.819616,-0.832517,-0.204362
-1.000783,1.001650,1.028589
0.952861,-0.953480,-0.370375
-0.758705,0.881569,0.721006
-1.043104,1.018888,1.151088
1.237156,-1.101282,-0.532915
1.246383,-1.106313,-0.535977
-1.108832,1.065094,1.941163
-1.061817,1.043489,1.305442
1.240408,-1.102253,-0.536160
-0.085770,0.038590,-0.022221
0.530392,-0.356867,-0.287202

-0.030526,-0.021720,-0.033377
-0.273836,0.228615,0.047902
-0.574092,0.671497,0.581899
-0.023104,-0.021713,-0.035531
0.631067,-0.660589,-0.034990
0.813624,-0.654162,-0.079070
-0.538452,0.652762,0.527290
-0.504338,0.781067,0.889706
-0.326762,0.280507,0.152952
-0.452190,0.462523,0.252501
-0.089849,0.026950,-0.018015
-0.642924,0.720451,0.711065
-0.182430,0.128883,0.014355
-0.515990,0.753764,0.764504
-0.098491,0.117480,0.017131
-0.512469,0.783104,0.911684
-0.567023,0.666004,0.567569
-0.263226,0.212533,0.124444
-0.141062,0.102398,0.008410
-0.553582,0.731659,0.704614
0.682962,-0.650210,-0.038179
-0.513841,0.783205,0.914136
-0.521186,0.784402,0.979866
-0.525555,0.784609,0.938199
-0.325771,0.327598,0.128806
-0.553296,0.733697,0.712353
0.520350,-0.578488,-0.156758
-0.556769,0.728711,0.704562
-0.566647,0.665272,0.566222
-0.500219,0.761754,0.797316
-0.186965,0.128174,0.039148
-0.255695,0.203856,0.042954
-0.162865,0.107872,0.002688
-0.468078,0.453017,0.349146
-0.510194,0.782823,0.906331
-0.518998,0.780799,0.893691
-0.555397,0.692530,0.588907
0.623163,-0.663867,-0.036100
-0.528991,0.748314,0.758906
0.686258,-0.645844,-0.037419
-0.569777,0.667828,0.574049
-0.521788,0.760635,0.806118
0.811714,-0.653940,-0.079854
0.814514,-0.654194,-0.078385
-0.534556,0.785734,0.955172
-0.500077,0.773509,0.854062
0.812643,-0.654066,-0.079927
-0.075739,0.035723,-0.012063
0.460396,-0.293612,-0.118029

