-0.050232,0.071116,-0.269067,0.120676,-0.039941,-0.041252,-0.005725,-0.042386,-0.041858
-0.051313,0.092949,0.291244,0.020182,-0.047409,-0.066357,0.007464,-0.045328,-0.053927
-0.572201,0.444150,-0.730046,0.595405,-0.639419,-0.636926,0.072390,-0.320804,-0.422197
0.093094,-0.074393,-0.774798,-0.122743,0.073781,0.098851,-0.148782,0.051755,0.053671
0.554203,-0.459124,-0.405584,0.114514,0.357562,0.594664,-0.386118,0.680312,0.507581
0.374843,-0.279555,-0.250856,-0.011403,0.370542,0.367482,-0.585573,0.640269,0.635518
-0.515659,0.366957,-1.005726,0.285912,-0.576118,-0.575172,0.003847,-0.319909,-0.322850
-0.433627,0.302879,-0.674726,0.586896,-0.897524,-0.497692,0.372489,-0.558742,-0.845216
-0.106518,0.087954,-0.260755,0.810433,-0.115603,-0.128537,0.139742,-0.138376,-0.096765
-0.179036,0.235228,-0.558309,0.347113,-0.180865,-0.195138,0.096139,-0.069038,-0.194996
0.050922,-0.069100,-0.439391,0.263951,-0.006821,0.041761,-0.020183,-0.041506,0.047887
-0.087105,0.094118,-1.120815,0.539138,-0.178451,-0.112842,0.084426,-0.097818,-0.169345
0.063183,-0.062948,-0.346652,-0.155787,0.023940,0.060622,0.092746,-0.020514,0.058103
-0.506029,0.319374,-1.218825,1.438300,-0.890873,-0.606894,0.367479,-0.629951,-0.854896
-0.032612,0.045423,-0.228167,0.468204,-0.098483,-0.071195,0.043469,-0.058838,-0.068879
-0.464313,0.351154,-0.792556,0.584017,-0.917608,-0.525190,0.394723,-0.559014,-0.900736
-0.559024,0.450039,-0.256974,0.120545,-0.619764,-0.607095,0.151853,-0.287092,-0.416147
-0.087172,0.140895,-1.644228,0.309075,-0.056279,-0.079421,-0.022428,-0.014021,-0.089560
-0.004652,0.022689,-0.000306,0.011570,-0.027165,-0.029616,-0.005396,-0.035431,-0.041077
-0.492544,0.418691,0.111596,0.080491,-0.660900,-0.543900,0.270329,-0.420762,-0.677121
0.453913,-0.328897,-0.024533,-0.052766,0.334423,0.500693,-0.346012,0.635572,0.568557
-0.475117,0.332570,-1.535850,1.055420,-0.976948,-0.534228,0.438057,-0.602529,-0.909148
-0.641171,0.523261,-1.678835,1.730962,-1.338650,-0.723361,0.680523,-0.720777,-1.320031
-0.580344,0.460807,-1.116334,1.610220,-1.126925,-0.653720,0.517105,-0.665633,-1.082588
-0.081424,0.084638,-0.414716,0.886213,-0.146077,-0.123487,0.072628,-0.084063,-0.112201
-0.533631,0.431518,-0.593569,0.393137,-0.732231,-0.590498,0.320017,-0.487881,-0.707225
0.145414,-0.114411,-0.779067,-0.107283,0.175371,0.198804,-0.254193,0.172871,0.245995
-0.551692,0.444876,-1.052119,0.416107,-0.701754,-0.600906,0.279759,-0.479815,-0.688969
-0.568946,0.461389,-0.471333,0.189848,-0.617017,-0.619814,0.092010,-0.288316,-0.411255
-0.573230,0.406566,-1.118944,1.595761,-0.906975,-0.660875,0.482326,-0.647931,-0.869685
-0.042160,0.061200,0.237489,-0.208911,-0.017303,-0.026294,0.186546,-0.041892,-0.033981
-0.052122,0.084638,0.010151,-0.056135,-0.062043,-0.066971,0.228122,-0.064920,-0.027787
-0.071479,0.118679,0.373256,0.050980,-0.062706,-0.087583,0.012252,-0.054376,-0.072263
-0.146627,0.155608,-0.237434,0.458302,-0.133603,-0.158479,0.186943,-0.126432,-0.134272
-0.518518,0.407866,-0.829172,0.859262,-0.993075,-0.582858,0.449769,-0.596572,-0.957888
-0.257768,0.061008,-2.125778,1.280720,-0.825861,-0.308412,0.224484,-0.523836,-0.649967
-0.588705,0.536527,-0.613253,0.271137,-0.708014,-0.633173,0.253191,-0.420126,-0.681684
0.546884,-0.406931,-0.431093,0.344689,0.213033,0.616239,-0.309052,0.672310,0.304374
-0.638153,0.525767,-1.046222,1.197692,-0.866922,-0.703357,0.430125,-0.592671,-0.812597
0.450150,-0.318367,0.190537,-0.152970,0.307273,0.496026,-0.229893,0.629801,0.559721
-0.559830,0.423812,-1.025792,0.375297,-0.604307,-0.620208,0.047224,-0.327749,-0.390785
-0.538311,0.397971,-0.800077,0.831358,-0.800842,-0.613019,0.366422,-0.564550,-0.789313
0.423167,-0.339441,-0.305146,-0.177454,0.419041,0.426888,-0.583475,0.654458,0.697309
0.385997,-0.290182,-0.475865,0.011631,0.397392,0.385374,-0.625714,0.661476,0.652687
-0.598246,0.476073,-0.576564,0.899686,-0.875582,-0.671470,0.532909,-0.599340,-0.889062
-0.522838,0.382694,-0.600041,0.680853,-0.845594,-0.607460,0.407695,-0.570920,-0.856396
0.404294,-0.330793,-0.238443,-0.138908,0.392989,0.406607,-0.509492,0.634434,0.691414
-0.101990,0.172415,-0.463392,0.003282,-0.075205,-0.109910,0.134849,-0.051624,-0.096262
0.054568,0.018555,-0.987694,-0.025046,0.069736,0.066673,-0.079342,0.042992,0.025109

-0.044356,0.064333,-0.200109,0.073010,-0.031940,-0.037389,-0.004449,-0.032911,-0.040001
-0.043370,0.079091,0.206748,0.011915,-0.035178,-0.057854,0.004694,-0.032421,-0.049450
-0.456642,0.400824,-0.559281,0.339883,-0.545787,-0.533880,0.065141,-0.239005,-0.391887
0.086509,-0.070304,-0.474300,-0.079235,0.058404,0.092876,-0.123715,0.044899,0.052163
0.489475,-0.422014,-0.203668,0.047802,0.226578,0.516479,-0.317444,0.574200,0.448708
0.254126,-0.241036,-0.211098,-0.002134,0.305081,0.296523,-0.483011,0.507330,0.543624
-0.410791,0.336282,-0.687200,0.178845,-0.502150,-0.489805,0.003496,-0.247025,-0.306990
-0.406440,0.292761,-0.282869,0.467435,-0.607889,-0.457434,0.255246,-0.473674,-0.666064
-0.105243,0.086792,-0.126457,0.526591,-0.079065,-0.126095,0.109411,-0.125877,-0.093559
-0.160919,0.223934,-0.410685,0.261902,-0.164907,-0.184296,0.076875,-0.055165,-0.187812
0.048523,-0.066179,-0.275169,0.170430,-0.005097,0.039798,-0.016319,-0.036016,0.046085
-0.086331,0.093080,-0.405506,0.393323,-0.125063,-0.111164,0.069255,-0.090446,-0.164021
0.060874,-0.061483,-0.155309,-0.138790,0.017176,0.058699,0.040601,-0.018189,0.052699
-0.464955,0.308293,-0.523574,0.767364,-0.658316,-0.539419,0.323380,-0.527057,-0.685531
-0.029838,0.044004,-0.166133,0.345879,-0.085969,-0.067868,0.032386,-0.048972,-0.065984
-0.431725,0.336135,-0.320541,0.469604,-0.622572,-0.478889,0.271731,-0.473601,-0.695414
-0.425813,0.391084,-0.218651,0.077051,-0.525557,-0.499745,0.114603,-0.189808,-0.378314
-0.086090,0.138410,-0.536528,0.237149,-0.042351,-0.078142,-0.018946,-0.012894,-0.087654
-0.004330,0.021180,-0.000209,0.007412,-0.020245,-0.027688,-0.003931,-0.029004,-0.039034
-0.414185,0.369156,0.077953,0.061341,-0.508865,-0.462948,0.116964,-0.277845,-0.521559
0.377578,-0.295299,-0.015341,-0.018169,0.216132,0.417977,-0.247744,0.520912,0.470064
-0.441635,0.320435,-0.422903,0.717884,-0.666376,-0.487389,0.354048,-0.518376,-0.711101
-0.565239,0.479852,-0.393589,0.872077,-0.777717,-0.617988,0.499859,-0.588898,-0.855275
-0.522339,0.430345,-0.364539,0.850340,-0.722444,-0.573042,0.409310,-0.556926,-0.783709
-0.076152,0.082729,-0.297746,0.566561,-0.130143,-0.118755,0.059851,-0.071827,-0.108742
-0.467614,0.396294,-0.385139,0.300401,-0.572242,-0.513495,0.214075,-0.368121,-0.582477
0.141024,-0.111316,-0.402408,-0.078653,0.123878,0.191184,-0.207731,0.158661,0.235247
-0.478654,0.407704,-0.603261,0.313333,-0.566595,-0.520825,0.211334,-0.366630,-0.579539
-0.434366,0.403819,-0.389426,0.119475,-0.527510,-0.511652,0.075376,-0.197689,-0.378389
-0.515341,0.384585,-0.508285,0.791617,-0.666962,-0.575848,0.404586,-0.529952,-0.691408
-0.040063,0.056828,0.126253,-0.145063,-0.010453,-0.024755,0.090933,-0.034337,-0.030646
-0.049332,0.081268,0.004845,-0.049966,-0.043878,-0.063859,0.067821,-0.052884,-0.023753
-0.059235,0.098950,0.263283,0.029646,-0.046603,-0.075304,0.007500,-0.037569,-0.065755
-0.143794,0.151856,-0.122684,0.333037,-0.092392,-0.154227,0.137126,-0.112062,-0.128677
-0.475163,0.385694,-0.328553,0.627557,-0.662239,-0.522499,0.326378,-0.501869,-0.726003
-0.251896,0.060883,-0.444122,0.778495,-0.596348,-0.298429,0.202919,-0.470879,-0.566438
-0.485745,0.468252,-0.440530,0.204177,-0.572914,-0.532191,0.171640,-0.291091,-0.568584
0.494706,-0.383650,-0.153274,0.183210,0.120953,0.542121,-0.254820,0.575948,0.284360
-0.557321,0.479483,-0.572186,0.694244,-0.661793,-0.600363,0.361683,-0.470502,-0.661152
0.365784,-0.280123,0.114951,-0.051646,0.190434,0.406080,-0.151983,0.511409,0.450677
-0.443892,0.384190,-0.699614,0.230132,-0.523995,-0.522191,0.043157,-0.249128,-0.366739
-0.483788,0.374704,-0.446700,0.564634,-0.608571,-0.538189,0.281492,-0.449497,-0.639302
0.277934,-0.285792,-0.250519,-0.033731,0.334759,0.335029,-0.475233,0.518863,0.580276
0.265619,-0.254145,-0.386406,0.002183,0.331200,0.314569,-0.521514,0.527497,0.559548
-0.528840,0.439239,-0.331440,0.605357,-0.641937,-0.578121,0.364762,-0.462724,-0.687211
-0.474037,0.362056,-0.333786,0.498146,-0.620664,-0.535654,0.291422,-0.458353,-0.672374
0.267207,-0.277897,-0.197089,-0.026605,0.315746,0.319849,-0.420604,0.503628,0.575269
-0.096184,0.165533,-0.253973,0.002913,-0.060423,-0.105120,0.063873,-0.042609,-0.088821
0.051536,0.018150,-0.498444,-0.021879,0.058364,0.064311,-0.056714,0.038246,0.024141

-0.254042,0.214813,0.241250,-0.217118,-0.223208,-0.216403,-0.279867,0.255429,-0.191208
-0.281118,0.230057,0.276991,-0.219847,-0.241464,-0.229761,-0.321632,0.251624,-0.209518
-0.947190,0.821390,0.074426,-0.891508,-0.856440,-0.028122,-0.967902,0.858184,-0.076629
0.114219,-0.081239,-0.397520,0.144393,0.090511,0.380871,0.047925,-0.077387,0.394737
-0.156696,0.051822,-0.899049,0.529098,0.017510,0.936165,-0.281175,-0.002772,0.944197
0.090471,-0.221162,-1.388255,0.746351,0.390985,1.313688,0.037338,-0.339722,1.321382
-0.913391,0.770440,0.017298,-0.864257,-0.813557,-0.053724,-0.935710,0.807826,-0.094720
-1.323464,1.468616,0.308423,-1.068187,-1.361530,-0.137799,-1.376328,1.347677,-0.203726
-0.606801,0.660103,0.501084,-0.360823,-0.570495,-0.399537,-0.667246,0.612503,-0.398920
-0.760677,0.731433,0.237809,-0.666809,-0.738073,-0.268284,-0.817252,0.733910,-0.249742
-0.016217,0.107719,-0.080291,0.096152,-0.051748,0.118416,-0.082399,0.088083,0.140096
-0.694200,0.797891,0.524321,-0.393059,-0.669749,-0.423421,-0.778151,0.708016,-0.422303
0.061206,-0.096910,-0.212298,0.005496,0.057208,0.196646,0.059349,-0.054689,0.200693
-1.298315,1.356156,0.255929,-1.062114,-1.297591,-0.121664,-1.335151,1.293214,-0.164494
-0.397605,0.386677,0.249450,-0.389923,-0.421438,-0.222320,-0.428182,0.424106,-0.186810
-1.354736,1.545151,0.303897,-1.080271,-1.410327,-0.135496,-1.404734,1.395134,-0.193743
-0.928850,0.801862,0.042689,-0.864869,-0.848524,-0.022561,-0.948695,0.837771,-0.072683
-0.409425,0.412688,0.367962,-0.273870,-0.382654,-0.320592,-0.460271,0.425028,-0.293457
-0.144366,0.135016,0.094355,-0.126834,-0.153531,-0.096105,-0.191558,0.160335,-0.073888
-1.009175,0.967226,0.216265,-0.913129,-0.972188,-0.156949,-1.025027,0.962764,-0.188312
0.020524,-0.098082,-0.821003,0.618374,0.184137,0.885302,-0.055185,-0.160279,0.881206
-1.366632,1.604505,0.284521,-1.076871,-1.437220,-0.115432,-1.411929,1.431402,-0.170539
-1.556489,2.455037,0.186853,-1.098704,-1.795380,-0.056824,-1.647244,1.750484,-0.093878
-1.479120,1.935823,0.233176,-1.094374,-1.609203,-0.081699,-1.547193,1.586683,-0.125972
-0.588429,0.588683,0.296967,-0.546054,-0.590789,-0.280502,-0.647155,0.595413,-0.239929
-1.064791,1.080917,0.193078,-0.976212,-1.078059,-0.135397,-1.073849,1.068926,-0.160681
0.148301,-0.151542,-0.767689,0.324465,0.187657,0.759497,0.047523,-0.178540,0.748835
-0.936084,0.920380,0.077983,-0.926703,-0.928030,-0.020905,-0.956927,0.933514,-0.053596
-0.937401,0.813850,0.054556,-0.874408,-0.857045,-0.037465,-0.955434,0.848464,-0.088477
-1.312419,1.557733,0.242686,-1.060552,-1.357368,-0.113840,-1.355279,1.362262,-0.146103
-0.195546,0.179903,0.160977,-0.178935,-0.208375,-0.143415,-0.225555,0.204897,-0.129257
-0.242851,0.175366,0.153228,-0.269009,-0.230782,-0.167382,-0.243671,0.226210,-0.152191
-0.342793,0.272050,0.318953,-0.273898,-0.294473,-0.272668,-0.381377,0.302619,-0.253947
-0.782912,0.858999,0.560968,-0.465897,-0.733457,-0.424111,-0.868785,0.764402,-0.439126
-1.414838,1.687689,0.279711,-1.090522,-1.491681,-0.115440,-1.469063,1.476110,-0.165298
-1.325267,1.417635,0.503857,-0.971755,-1.300954,-0.251470,-1.396984,1.307326,-0.340297
-0.914453,0.826435,0.000065,-0.919527,-0.854193,0.074184,-0.922157,0.855257,0.022384
-0.109618,0.054791,-0.908165,0.462791,0.021957,0.948670,-0.270672,-0.007243,0.951232
-1.151226,1.254263,0.182781,-1.025028,-1.176203,-0.119591,-1.176134,1.186957,-0.134959
0.011279,-0.115289,-0.834950,0.523919,0.154943,0.867205,-0.039940,-0.156825,0.859840
-0.938030,0.817041,0.063457,-0.883865,-0.855719,-0.050345,-0.959153,0.852255,-0.099016
-1.275873,1.431106,0.301596,-1.020106,-1.286309,-0.167074,-1.328821,1.296179,-0.193693
0.105516,-0.233291,-1.488197,0.782357,0.404018,1.351947,0.063310,-0.352533,1.359277
0.081618,-0.217924,-1.411417,0.773074,0.395185,1.325638,0.028454,-0.336404,1.337003
-1.405788,1.789914,0.274096,-1.052718,-1.479425,-0.123947,-1.486012,1.468924,-0.155529
-1.310694,1.467232,0.259603,-1.062001,-1.347086,-0.131308,-1.368574,1.332335,-0.171798
0.104033,-0.236364,-1.444138,0.759228,0.398204,1.331805,0.063014,-0.351911,1.337626
-0.362982,0.276702,0.178775,-0.429508,-0.354754,-0.215031,-0.376020,0.350115,-0.195746
0.072197,-0.065581,-0.429056,-0.083079,0.050283,0.302139,0.079258,-0.035607,0.333908

-0.144314,0.110876,0.054449,-0.203953,-0.116328,-0.060749,-0.145272,0.136206,-0.054362
-0.158036,0.113358,0.054562,-0.209835,-0.122130,-0.059134,-0.161343,0.131849,-0.054611
-0.734880,0.670851,0.000169,-0.694222,-0.685517,-0.000206,-0.745108,0.687376,-0.000794
0.029315,-0.015447,-0.247964,0.141267,0.020627,0.242490,0.010005,-0.018283,0.239576
-0.000725,0.000139,-0.713995,0.470400,0.000106,0.730007,-0.000698,-0.000017,0.731797
0.000794,-0.001321,-0.877787,0.331715,0.003636,0.859312,0.000210,-0.002963,0.859010
-0.715065,0.636460,0.000096,-0.676821,-0.652903,-0.000902,-0.727395,0.651487,-0.002098
-0.866111,0.896384,0.000198,-0.788525,-0.872767,-0.000243,-0.878959,0.870299,-0.000510
-0.474856,0.456592,0.044294,-0.345746,-0.421463,-0.049788,-0.509045,0.458331,-0.050706
-0.577303,0.532807,0.014944,-0.536630,-0.516694,-0.031440,-0.612484,0.519390,-0.033190
-0.007811,0.036768,-0.037546,0.095662,-0.021319,0.057459,-0.035882,0.038403,0.064688
-0.529987,0.526511,0.049342,-0.373843,-0.479934,-0.054571,-0.574317,0.512535,-0.055719
0.016469,-0.023317,-0.098515,0.004225,0.013969,0.101177,0.012896,-0.013768,0.100611
-0.860649,0.874378,0.000074,-0.786152,-0.859396,-0.000106,-0.870055,0.858620,-0.000213
-0.265595,0.222815,0.054849,-0.324725,-0.236015,-0.069417,-0.283545,0.241620,-0.060868
-0.874061,0.910825,0.000140,-0.793119,-0.884573,-0.000178,-0.885552,0.881903,-0.000367
-0.723634,0.656385,0.000122,-0.671713,-0.674837,-0.000204,-0.734019,0.670928,-0.000919
-0.308375,0.266914,0.063124,-0.267031,-0.262515,-0.069615,-0.337136,0.297287,-0.063368
-0.078710,0.057703,0.027365,-0.125404,-0.071758,-0.032910,-0.094057,0.078501,-0.024742
-0.758704,0.739847,0.000319,-0.695243,-0.737016,-0.000658,-0.765717,0.734411,-0.001136
0.000149,-0.000573,-0.670176,0.358625,0.001864,0.700372,-0.000219,-0.001628,0.695040
-0.877290,0.921062,0.000088,-0.791918,-0.891355,-0.000103,-0.887465,0.890567,-0.000223
-0.914753,0.985145,0.000008,-0.800009,-0.945989,-0.000009,-0.928421,0.941183,-0.000023
-0.901098,0.958757,0.000023,-0.798426,-0.922395,-0.000026,-0.913190,0.919152,-0.000063
-0.444255,0.407125,0.038815,-0.453963,-0.399662,-0.057594,-0.484814,0.408054,-0.053437
-0.785229,0.790823,0.000117,-0.740171,-0.787635,-0.000246,-0.789085,0.784936,-0.000436
0.015822,-0.010280,-0.570751,0.311308,0.018542,0.559656,0.003691,-0.018417,0.536461
-0.731538,0.723864,0.000050,-0.709810,-0.725478,-0.000041,-0.741469,0.728549,-0.000161
-0.728290,0.663903,0.000158,-0.679859,-0.680758,-0.000347,-0.737741,0.677805,-0.001138
-0.864526,0.914391,0.000039,-0.785682,-0.874764,-0.000057,-0.875054,0.876128,-0.000112
-0.112165,0.078969,0.037480,-0.176559,-0.099683,-0.040715,-0.117499,0.103434,-0.035932
-0.131052,0.089799,0.028303,-0.213310,-0.111874,-0.041962,-0.119330,0.112899,-0.039361
-0.201497,0.144679,0.051795,-0.256278,-0.157736,-0.060537,-0.201816,0.167393,-0.057960
-0.587993,0.573890,0.033713,-0.434666,-0.526147,-0.038359,-0.628009,0.554160,-0.041433
-0.887976,0.932748,0.000067,-0.796975,-0.902072,-0.000083,-0.899022,0.899519,-0.000178
-0.863765,0.880121,0.001602,-0.749283,-0.852189,-0.001757,-0.881271,0.855753,-0.002985
-0.721239,0.675934,0.000000,-0.705772,-0.688151,0.000201,-0.725414,0.689302,0.000092
-0.001221,0.000295,-0.716576,0.429551,0.000280,0.732608,-0.001745,-0.000098,0.730567
-0.817746,0.848905,0.000025,-0.769998,-0.825210,-0.000055,-0.825942,0.828793,-0.000099
0.000098,-0.000794,-0.674992,0.314821,0.001778,0.688159,-0.000190,-0.001845,0.680117
-0.729552,0.666889,0.000195,-0.689486,-0.682198,-0.000490,-0.740363,0.681593,-0.001323
-0.854469,0.890428,0.000106,-0.769207,-0.855919,-0.000171,-0.868289,0.858904,-0.000299
0.000611,-0.000889,-0.899718,0.337732,0.002453,0.870629,0.000228,-0.002014,0.870622
0.000593,-0.001082,-0.884174,0.340697,0.003107,0.863743,0.000132,-0.002454,0.864706
-0.886160,0.944923,0.000048,-0.782718,-0.900129,-0.000066,-0.902285,0.898406,-0.000129
-0.863532,0.897431,0.000089,-0.786046,-0.870936,-0.000134,-0.877686,0.867872,-0.000261
0.000734,-0.001107,-0.890210,0.334688,0.002914,0.864621,0.000280,-0.002447,0.863927
-0.248440,0.174457,0.025150,-0.346069,-0.206153,-0.047814,-0.252430,0.207129,-0.045854
0.025278,-0.016291,-0.243021,-0.067666,0.012461,0.200958,0.026441,-0.008788,0.215837

