-0.214861,-0.030843,-0.150993,-0.396104,-0.340889,-0.330925
-0.210330,-0.042269,-0.125370,-0.330329,-0.375030,-0.315069
-0.152686,-0.064570,-0.100291,-0.257555,-0.407648,-0.279505
-0.230072,-0.038808,-0.173305,-0.390186,-0.395487,-0.329533
-0.200629,-0.083920,-0.157810,-0.300290,-0.430582,-0.367231
-0.143799,-0.054985,-0.103308,-0.293848,-0.377537,-0.312410
-0.221711,0.045988,-0.111606,-0.469527,-0.276531,-0.250611
-0.286043,-0.038455,-0.183934,-0.418915,-0.358113,-0.361018
-0.252086,0.023837,-0.145615,-0.476425,-0.298862,-0.291659
-0.285387,-0.046119,-0.198026,-0.414915,-0.390396,-0.358042
-0.215624,0.014169,-0.104563,-0.419123,-0.281840,-0.272217
-0.173226,-0.037339,-0.116869,-0.332999,-0.366220,-0.304897
-0.245212,-0.012390,-0.155323,-0.412607,-0.359066,-0.299942
-0.148988,0.073845,-0.040510,-0.436966,-0.230157,-0.180668
-0.106196,-0.010929,-0.042869,-0.303951,-0.307682,-0.244502
-0.194279,0.083187,-0.068646,-0.489412,-0.218268,-0.195479
-0.170808,-0.068451,-0.132911,-0.288025,-0.425386,-0.313792
-0.257149,-0.036248,-0.183725,-0.398375,-0.410665,-0.302382
-0.227266,0.014795,-0.110403,-0.429895,-0.273789,-0.271725
-0.162363,-0.026284,-0.112673,-0.334491,-0.378020,-0.276806
-0.219933,-0.070142,-0.166099,-0.306935,-0.458659,-0.313215
-0.235113,-0.013058,-0.139451,-0.404134,-0.336055,-0.306575
-0.249901,0.010489,-0.143292,-0.447931,-0.311960,-0.294794
-0.189654,0.005801,-0.094408,-0.367939,-0.332641,-0.241927
-0.193195,-0.076286,-0.157112,-0.307882,-0.430222,-0.348748
-0.224497,0.020731,-0.124278,-0.443588,-0.301843,-0.273178
-0.261054,0.010155,-0.149228,-0.468035,-0.288140,-0.304819
-0.255848,-0.019585,-0.161069,-0.422022,-0.341600,-0.327232
-0.208763,0.006881,-0.119058,-0.393650,-0.348572,-0.258102
-0.230222,0.015737,-0.124618,-0.444960,-0.288157,-0.269967
-0.260163,0.035237,-0.147173,-0.504794,-0.272211,-0.283559
-0.214411,0.032929,-0.109540,-0.445508,-0.288822,-0.245987
-0.126066,-0.064903,-0.088463,-0.253842,-0.392967,-0.289640
-0.205177,0.017236,-0.126187,-0.440706,-0.305060,-0.285131
-0.227597,0.046147,-0.103486,-0.472843,-0.246027,-0.242711
-0.114342,-0.060714,-0.083082,-0.248425,-0.399942,-0.276404
-0.110331,-0.055456,-0.082862,-0.259230,-0.391506,-0.280740
-0.151375,-0.011978,-0.093805,-0.355307,-0.326279,-0.273197
-0.162029,0.001377,-0.070741,-0.360007,-0.288814,-0.250936
-0.127037,-0.013364,-0.071530,-0.330289,-0.319826,-0.265957
-0.104898,-0.074549,-0.080970,-0.232678,-0.400018,-0.290050
-0.182239,-0.094468,-0.139789,-0.237622,-0.471113,-0.326356
-0.212696,0.012450,-0.104508,-0.412570,-0.291324,-0.272827
-0.204364,0.019385,-0.102864,-0.430469,-0.269556,-0.261328
-0.182546,-0.088147,-0.136128,-0.251353,-0.451692,-0.320408
-0.122378,-0.060669,-0.086388,-0.265423,-0.377172,-0.286074
-0.249719,-0.062657,-0.174653,-0.351293,-0.413615,-0.347155
-0.202853,-0.005645,-0.110652,-0.384924,-0.319165,-0.273653
-0.294961,-0.006549,-0.188438,-0.482945,-0.320255,-0.344222

-0.108132,-0.015272,-0.072823,-0.183088,-0.173777,-0.182303
-0.113987,-0.019757,-0.063604,-0.163026,-0.194636,-0.170994
-0.079477,-0.030899,-0.053258,-0.130765,-0.212644,-0.149673
-0.119266,-0.018563,-0.091377,-0.193250,-0.207638,-0.175707
-0.101005,-0.041483,-0.075986,-0.141987,-0.216085,-0.201180
-0.072638,-0.027235,-0.050041,-0.138666,-0.190586,-0.172235
-0.113481,0.022754,-0.058047,-0.233697,-0.144246,-0.128233
-0.153842,-0.017949,-0.092717,-0.203051,-0.187445,-0.195049
-0.128636,0.011794,-0.075494,-0.237011,-0.155943,-0.148732
-0.153511,-0.021530,-0.099611,-0.201309,-0.203079,-0.193734
-0.116899,0.006625,-0.053176,-0.202262,-0.148106,-0.148422
-0.087399,-0.018501,-0.056525,-0.156028,-0.185340,-0.168444
-0.132567,-0.005793,-0.078546,-0.199861,-0.186911,-0.163433
-0.076611,0.036541,-0.021172,-0.218598,-0.119848,-0.092596
-0.054588,-0.005417,-0.022419,-0.156883,-0.159259,-0.124612
-0.099656,0.041119,-0.035828,-0.241525,-0.114032,-0.100239
-0.086145,-0.033893,-0.064158,-0.136229,-0.212958,-0.173341
-0.132964,-0.017345,-0.096635,-0.197069,-0.214984,-0.162218
-0.123072,0.006916,-0.056117,-0.206990,-0.144214,-0.148280
-0.081974,-0.013034,-0.054502,-0.156506,-0.190378,-0.153479
-0.114063,-0.033541,-0.087539,-0.154927,-0.237486,-0.167622
-0.127220,-0.006104,-0.070670,-0.196079,-0.175621,-0.166685
-0.135062,0.004903,-0.072586,-0.214848,-0.163575,-0.160587
-0.097200,0.002875,-0.049144,-0.187904,-0.171960,-0.123875
-0.100403,-0.036448,-0.083018,-0.155211,-0.224286,-0.185174
-0.114849,0.010262,-0.064568,-0.222508,-0.157165,-0.139501
-0.140921,0.004744,-0.075574,-0.223332,-0.151898,-0.165883
-0.138163,-0.009150,-0.081429,-0.204105,-0.178811,-0.177613
-0.106889,0.003409,-0.061843,-0.199993,-0.179939,-0.132101
-0.124678,0.007357,-0.063265,-0.213316,-0.151384,-0.147407
-0.140518,0.016459,-0.074555,-0.238063,-0.143466,-0.154689
-0.109782,0.016301,-0.056979,-0.223186,-0.150404,-0.125941
-0.063673,-0.032155,-0.042886,-0.120528,-0.197516,-0.160160
-0.105094,0.008532,-0.065608,-0.221018,-0.158679,-0.145245
-0.123305,0.021562,-0.052633,-0.224753,-0.129678,-0.132807
-0.057774,-0.030093,-0.040285,-0.118020,-0.200515,-0.153095
-0.055738,-0.027486,-0.040203,-0.122878,-0.196543,-0.155325
-0.076485,-0.005938,-0.045475,-0.165385,-0.165823,-0.151388
-0.088158,0.000644,-0.036066,-0.175957,-0.151268,-0.136929
-0.064225,-0.006628,-0.034739,-0.154355,-0.162368,-0.147255
-0.053002,-0.036924,-0.039284,-0.110779,-0.200680,-0.160288
-0.094681,-0.045119,-0.073937,-0.121298,-0.243052,-0.173947
-0.115343,0.005822,-0.053140,-0.199461,-0.152870,-0.148753
-0.110933,0.009064,-0.052338,-0.206952,-0.141776,-0.142638
-0.094892,-0.042120,-0.072017,-0.128007,-0.234118,-0.170935
-0.061826,-0.030061,-0.041901,-0.125714,-0.190109,-0.158215
-0.134840,-0.029250,-0.088109,-0.172936,-0.213848,-0.188014
-0.110079,-0.002640,-0.056233,-0.187365,-0.166835,-0.149260
-0.158560,-0.003058,-0.094961,-0.229879,-0.168552,-0.186521

0.017742,0.003740,0.148445,0.225745,-0.051855,-0.172998
0.037599,-0.003921,0.131860,0.207179,-0.021769,-0.164135
0.026370,-0.005042,0.126070,0.210615,-0.028632,-0.159974
0.029862,0.004852,0.156792,0.222717,-0.046097,-0.182453
0.042657,-0.000473,0.141717,0.207409,-0.022630,-0.169463
0.030323,-0.002699,0.135663,0.210733,-0.031418,-0.164964
0.018747,0.002852,0.148510,0.227307,-0.051636,-0.176859
0.031043,0.002004,0.145541,0.217711,-0.036486,-0.172421
0.021775,0.004943,0.153731,0.226946,-0.051447,-0.179008
0.031582,0.003786,0.150985,0.220552,-0.039725,-0.178470
0.016172,-0.001920,0.134680,0.221340,-0.045039,-0.165047
0.028670,-0.001201,0.138563,0.215573,-0.035262,-0.168894
0.027517,0.002511,0.147326,0.222218,-0.041507,-0.177681
0.003480,-0.000863,0.135975,0.230707,-0.059002,-0.167693
0.017111,-0.004637,0.127017,0.213680,-0.038232,-0.156725
0.001668,0.001630,0.141209,0.234704,-0.063808,-0.170586
0.033633,-0.000917,0.139060,0.212152,-0.029749,-0.169211
0.024691,0.004790,0.152634,0.225552,-0.047311,-0.180517
0.009360,-0.001845,0.132528,0.226030,-0.050579,-0.164480
0.027857,0.000553,0.142601,0.218719,-0.038191,-0.173473
0.037012,0.000331,0.142146,0.213585,-0.028344,-0.173995
0.026955,0.000051,0.141086,0.218659,-0.038409,-0.171758
0.023333,0.001990,0.146117,0.224372,-0.045624,-0.176043
0.024523,-0.002142,0.134030,0.217124,-0.035842,-0.166822
0.037154,0.001484,0.148056,0.211372,-0.032023,-0.172367
0.020210,0.002557,0.146889,0.225020,-0.048701,-0.175213
0.013192,0.002548,0.145713,0.228958,-0.055342,-0.173373
0.026082,0.001650,0.145758,0.221249,-0.042474,-0.174934
0.029792,0.000715,0.143823,0.219013,-0.037274,-0.175035
0.007529,0.001644,0.140672,0.230573,-0.057044,-0.170584
0.010115,0.005267,0.153160,0.234836,-0.063586,-0.179951
0.014136,0.001834,0.143457,0.228188,-0.052640,-0.173886
0.026204,-0.004418,0.127974,0.210351,-0.029792,-0.159170
0.020892,0.005560,0.156145,0.226595,-0.053865,-0.179241
0.002616,0.000368,0.137371,0.233626,-0.060819,-0.169072
0.026529,-0.004502,0.128163,0.212357,-0.030501,-0.163390
0.027130,-0.003152,0.132202,0.212847,-0.032108,-0.164605
0.016470,-0.000561,0.139140,0.222589,-0.047913,-0.169334
0.010142,-0.004711,0.125394,0.220712,-0.045023,-0.159224
0.018544,-0.002070,0.135802,0.217109,-0.043005,-0.163441
0.023930,-0.004552,0.127575,0.210184,-0.031620,-0.158511
0.043701,-0.003841,0.131776,0.202828,-0.014891,-0.164216
0.020103,-0.001987,0.135785,0.219347,-0.041968,-0.165934
0.003795,0.000431,0.137331,0.229743,-0.058479,-0.165776
0.037344,-0.003456,0.132069,0.205233,-0.020934,-0.162456
0.018221,-0.003660,0.128708,0.214529,-0.038048,-0.158670
0.035915,0.000337,0.142441,0.213000,-0.029622,-0.171576
0.017628,-0.001315,0.135413,0.220904,-0.043549,-0.166733
0.021162,0.005591,0.155384,0.228720,-0.053655,-0.180985

0.008667,0.001888,0.073495,0.119091,-0.026496,-0.090854
0.018376,-0.001984,0.065280,0.109455,-0.011133,-0.086065
0.012912,-0.002558,0.062317,0.110867,-0.014638,-0.083844
0.014576,0.002448,0.077583,0.117535,-0.023567,-0.095675
0.020842,-0.000239,0.070187,0.109518,-0.011573,-0.088670
0.014845,-0.001369,0.067059,0.111063,-0.016068,-0.086516
0.009161,0.001443,0.073335,0.119976,-0.026406,-0.093235
0.015130,0.001009,0.072224,0.115232,-0.018644,-0.090435
0.010627,0.002495,0.076014,0.119906,-0.026300,-0.094255
0.015392,0.001905,0.074900,0.116646,-0.020301,-0.093528
0.007903,-0.000971,0.066642,0.116871,-0.023019,-0.086879
0.014027,-0.000608,0.068511,0.113659,-0.018033,-0.088624
0.013433,0.001267,0.072927,0.117356,-0.021223,-0.093275
0.001705,-0.000438,0.066996,0.121416,-0.030174,-0.088616
0.008389,-0.002358,0.062641,0.112449,-0.019552,-0.082494
0.000816,0.000826,0.069651,0.123669,-0.032616,-0.090181
0.016455,-0.000464,0.068765,0.111794,-0.015214,-0.088620
0.012048,0.002416,0.075557,0.118980,-0.024178,-0.094658
0.004572,-0.000932,0.065623,0.119310,-0.025836,-0.086598
0.013637,0.000280,0.070419,0.115197,-0.019539,-0.091044
0.018081,0.000168,0.070346,0.112623,-0.014493,-0.091045
0.013162,0.000026,0.069862,0.115529,-0.019636,-0.090209
0.011389,0.001004,0.072336,0.118561,-0.023324,-0.092558
0.011999,-0.001086,0.066177,0.114468,-0.018331,-0.087755
0.018154,0.000750,0.073259,0.111516,-0.016375,-0.090252
0.009872,0.001292,0.072594,0.118778,-0.024899,-0.092255
0.006436,0.001284,0.072205,0.120987,-0.028268,-0.091220
0.012725,0.000832,0.072234,0.116953,-0.021708,-0.091841
0.014565,0.000362,0.071018,0.115535,-0.019069,-0.092027
0.003677,0.000830,0.069630,0.121639,-0.029139,-0.089800
0.004935,0.002654,0.075815,0.124027,-0.032484,-0.094774
0.006909,0.000928,0.070864,0.120341,-0.026909,-0.091627
0.012839,-0.002243,0.063234,0.110713,-0.015233,-0.083453
0.010208,0.002811,0.077104,0.119558,-0.027544,-0.094377
0.001278,0.000186,0.067960,0.123232,-0.031066,-0.089152
0.013004,-0.002288,0.063293,0.111688,-0.015600,-0.085648
0.013298,-0.001601,0.065268,0.111964,-0.016424,-0.086321
0.008064,-0.000284,0.068729,0.117213,-0.024499,-0.089017
0.004964,-0.002389,0.061987,0.116289,-0.023009,-0.083802
0.009087,-0.001051,0.067031,0.114320,-0.021995,-0.085950
0.011731,-0.002313,0.063019,0.110545,-0.016167,-0.083086
0.021373,-0.001946,0.065201,0.106934,-0.007615,-0.085846
0.009826,-0.001005,0.067170,0.115831,-0.021455,-0.087320
0.001855,0.000218,0.067938,0.121135,-0.029870,-0.087338
0.018264,-0.001751,0.065349,0.108189,-0.010703,-0.084996
0.008928,-0.001858,0.063603,0.112858,-0.019448,-0.083247
0.017526,0.000170,0.070613,0.112564,-0.015142,-0.089849
0.008618,-0.000665,0.066989,0.116532,-0.022259,-0.087659
0.010311,0.002811,0.077066,0.121003,-0.027410,-0.095078

