-0.254166,0.393094,-0.457269
-0.245677,0.424552,-0.487158
-0.236990,0.398811,-0.495993
-0.194625,0.506744,-0.508359
-0.153995,0.309286,-0.410465
-0.187377,0.327430,-0.428735
-0.220835,0.371883,-0.459461
-0.212466,0.341051,-0.446322
-0.182189,0.323905,-0.418003
-0.210100,0.511217,-0.494922
-0.199686,0.416216,-0.459057
-0.246999,0.468359,-0.533217
-0.133049,0.230423,-0.355681
-0.200387,0.397442,-0.475954
-0.236906,0.407124,-0.499264
-0.248659,0.399468,-0.501409
-0.231584,0.339662,-0.474579
-0.249409,0.396813,-0.483646
-0.233388,0.441670,-0.531527
-0.169785,0.502026,-0.497893
-0.165203,0.434844,-0.454774
-0.105934,0.210530,-0.344282
-0.193450,0.353366,-0.466890
-0.249371,0.451943,-0.485977
-0.245179,0.415925,-0.521567
-0.195700,0.352719,-0.431079
-0.120027,0.221938,-0.370760
-0.151968,0.236472,-0.370443
-0.212192,0.426454,-0.507277
-0.191162,0.276366,-0.404060
-0.209756,0.375936,-0.465157
-0.187882,0.421963,-0.459625
-0.218953,0.417175,-0.452992
-0.223323,0.333049,-0.421732
-0.225500,0.440802,-0.472727
-0.207714,0.376986,-0.436321
-0.250464,0.430938,-0.523548
-0.196144,0.400932,-0.460477
-0.227820,0.345727,-0.420529
-0.237859,0.471494,-0.527064
-0.159841,0.316813,-0.419867
-0.235670,0.376985,-0.446697
-0.236027,0.355128,-0.430188
-0.181292,0.293969,-0.404702
-0.226130,0.451779,-0.517293
-0.219203,0.396658,-0.501320
-0.191271,0.360395,-0.438777
-0.241304,0.386680,-0.462044
-0.239174,0.369553,-0.463159

-0.137523,0.195657,-0.212802
-0.125695,0.210205,-0.238694
-0.121443,0.198643,-0.242227
-0.099210,0.239895,-0.239545
-0.077770,0.153848,-0.188229
-0.096497,0.164709,-0.212620
-0.113351,0.185965,-0.226431
-0.115594,0.171163,-0.207890
-0.099421,0.162793,-0.195988
-0.114298,0.247419,-0.229148
-0.101703,0.200963,-0.218364
-0.126406,0.229843,-0.258224
-0.067275,0.115582,-0.164559
-0.102105,0.192777,-0.225199
-0.121399,0.202444,-0.243676
-0.127265,0.199150,-0.244588
-0.116137,0.168862,-0.214367
-0.127563,0.197697,-0.236964
-0.118543,0.212823,-0.248049
-0.086728,0.237545,-0.235180
-0.084405,0.208918,-0.216811
-0.053631,0.105663,-0.159530
-0.097425,0.175072,-0.211530
-0.135016,0.222160,-0.224966
-0.125574,0.206747,-0.253113
-0.106636,0.176502,-0.201701
-0.060744,0.111398,-0.170924
-0.076755,0.118644,-0.170869
-0.109074,0.211078,-0.247244
-0.104245,0.139864,-0.189653
-0.107819,0.187813,-0.228940
-0.095832,0.203572,-0.218782
-0.118998,0.206378,-0.211324
-0.121335,0.167367,-0.197577
-0.114501,0.211857,-0.224216
-0.113052,0.187930,-0.204094
-0.128171,0.213520,-0.254058
-0.099982,0.194339,-0.218928
-0.123689,0.173360,-0.197174
-0.120695,0.225556,-0.246576
-0.080692,0.157472,-0.192161
-0.127840,0.188119,-0.208349
-0.128018,0.177855,-0.201291
-0.098947,0.148378,-0.190100
-0.116034,0.222416,-0.251594
-0.112630,0.197763,-0.244591
-0.104279,0.180118,-0.204984
-0.130772,0.192579,-0.214694
-0.122487,0.184971,-0.227966

0.041159,0.326047,0.387610
0.040613,0.325804,0.387345
0.040679,0.328286,0.385883
0.030566,0.340462,0.396903
0.040781,0.329957,0.386872
0.043994,0.320277,0.380540
0.041177,0.325465,0.384578
0.043845,0.323177,0.382215
0.046489,0.316057,0.375898
0.030954,0.337875,0.395367
0.040991,0.326557,0.385865
0.032982,0.339912,0.396835
0.048504,0.312553,0.373278
0.039064,0.333947,0.390158
0.035160,0.337721,0.393277
0.040739,0.326435,0.385135
0.036430,0.338152,0.396344
0.040862,0.325369,0.385394
0.035825,0.338640,0.394465
0.032517,0.337493,0.393906
0.036747,0.330712,0.387895
0.050816,0.307596,0.369094
0.034865,0.338973,0.394893
0.036575,0.332747,0.392426
0.036552,0.335716,0.391798
0.042816,0.321300,0.381183
0.043891,0.322667,0.379584
0.047177,0.318082,0.377453
0.037937,0.331756,0.387666
0.048193,0.318560,0.378416
0.043776,0.321495,0.381495
0.039191,0.325606,0.385083
0.041457,0.322738,0.384150
0.046904,0.316797,0.379085
0.039343,0.328569,0.388900
0.046703,0.314828,0.376949
0.034662,0.338835,0.394837
0.041459,0.324980,0.384495
0.048916,0.311372,0.374233
0.033240,0.340902,0.397814
0.040875,0.327691,0.385910
0.044297,0.319355,0.381468
0.046166,0.316648,0.379187
0.048477,0.313133,0.373683
0.034011,0.338251,0.393898
0.035878,0.336497,0.391203
0.041950,0.322641,0.381432
0.038167,0.331460,0.391467
0.042571,0.323100,0.384375

0.020997,0.175979,0.193151
0.020734,0.175890,0.193055
0.020772,0.177077,0.192305
0.015597,0.183319,0.197666
0.020802,0.177296,0.192771
0.022462,0.172579,0.189811
0.021022,0.175485,0.191707
0.022376,0.174217,0.190591
0.023727,0.170380,0.187720
0.015789,0.182124,0.197027
0.020919,0.176009,0.192446
0.016838,0.183240,0.197431
0.024750,0.168095,0.186404
0.019936,0.179763,0.194324
0.017949,0.181921,0.195699
0.020805,0.176182,0.191946
0.018585,0.181898,0.196993
0.020864,0.175618,0.192085
0.018288,0.182426,0.196291
0.016593,0.181688,0.196332
0.018751,0.178038,0.193476
0.025934,0.165397,0.184461
0.017787,0.182189,0.196432
0.018657,0.179536,0.195483
0.018665,0.180970,0.195007
0.021849,0.173202,0.190200
0.022396,0.173221,0.189268
0.024070,0.171024,0.188297
0.019373,0.178825,0.193211
0.024593,0.171588,0.188739
0.022354,0.173420,0.190308
0.020002,0.175494,0.192122
0.021151,0.174186,0.191688
0.023933,0.170947,0.189157
0.020076,0.177200,0.193854
0.023834,0.169974,0.188301
0.017697,0.182616,0.196424
0.021161,0.175160,0.191779
0.024962,0.168191,0.186960
0.016963,0.183656,0.197901
0.020854,0.176189,0.192335
0.022603,0.172425,0.190331
0.023556,0.170973,0.189244
0.024743,0.168798,0.186631
0.017364,0.182260,0.196096
0.018319,0.181207,0.194740
0.021408,0.173893,0.190331
0.019470,0.178691,0.194900
0.021735,0.174343,0.191581

