0.009391,0.003864,0.012633
-0.079433,0.136015,0.013940
-0.398709,0.496002,-0.704733
-0.010718,0.030046,0.011666
0.406977,-0.334331,0.538649
0.480223,-0.435155,0.362860
-0.285066,0.316806,-0.705994
-0.824694,0.859886,-0.925361
-0.073364,0.104076,-0.008858
-0.074305,0.122362,-0.063232
-0.021984,0.028312,0.020131
-0.124814,0.110871,-0.055003
-0.047467,0.092030,0.030164
-0.662754,0.724632,-0.791255
-0.015965,0.030738,-0.034221
-0.890245,0.940118,-0.925910
-0.356735,0.414299,-0.705371
-0.063015,0.068547,-0.011721
-0.047569,0.087009,0.014995
-0.618289,0.645870,-0.795854
0.441898,-0.405289,0.520899
-0.936840,0.989872,-0.927004
-1.239770,1.370886,-0.970418
-0.994921,1.116643,-0.927289
-0.055110,0.097716,-0.038905
-0.641375,0.656700,-0.803976
0.150844,-0.138387,0.011310
-0.626852,0.633399,-0.798642
-0.344208,0.398725,-0.705427
-0.763364,0.892140,-0.788217
-0.062099,0.084733,-0.006203
-0.078763,0.140835,0.029366
-0.040674,0.084762,0.012602
-0.110272,0.125852,-0.010460
-0.902337,0.947633,-0.926285
-0.762248,0.869710,-0.906594
-0.622312,0.672685,-0.793739
0.363243,-0.287385,0.605222
-0.684721,0.765955,-0.790679
0.448667,-0.399972,0.519366
-0.375861,0.446660,-0.705115
-0.731792,0.791607,-0.796990
0.469677,-0.428339,0.359277
0.484237,-0.446343,0.363182
-0.877251,0.966481,-0.802649
-0.783701,0.877706,-0.806709
0.474633,-0.431318,0.364403
0.005758,0.004434,0.025385
0.087104,-0.130834,0.022589

0.009087,0.003572,0.010657
-0.076901,0.125107,0.012096
-0.371739,0.445624,-0.572659
-0.010393,0.027779,0.010068
0.368950,-0.285295,0.445135
0.411742,-0.362383,0.242287
-0.271948,0.297583,-0.566278
-0.673542,0.676091,-0.725123
-0.072128,0.096045,-0.008578
-0.071730,0.114926,-0.041583
-0.021314,0.026161,0.017403
-0.122420,0.102187,-0.053484
-0.046509,0.086573,0.026238
-0.573219,0.601684,-0.645348
-0.015460,0.028990,-0.023196
-0.707408,0.714048,-0.725726
-0.335650,0.380609,-0.569915
-0.061966,0.063359,-0.011338
-0.046162,0.080308,0.013130
-0.543044,0.552136,-0.646479
0.394486,-0.339688,0.418874
-0.729633,0.735413,-0.726433
-0.841467,0.853514,-0.747138
-0.755422,0.783328,-0.726905
-0.053360,0.091930,-0.026897
-0.558946,0.559130,-0.652037
0.146878,-0.127379,0.010678
-0.548920,0.543779,-0.648225
-0.324714,0.367735,-0.569240
-0.636154,0.692003,-0.646856
-0.061067,0.078280,-0.005999
-0.077101,0.132018,0.025712
-0.039393,0.078241,0.010789
-0.108184,0.115906,-0.010140
-0.713306,0.717348,-0.725938
-0.638289,0.681410,-0.715548
-0.545916,0.569595,-0.645687
0.339610,-0.247804,0.526314
-0.587641,0.625864,-0.645898
0.399782,-0.335937,0.416974
-0.352200,0.406884,-0.571039
-0.617173,0.640006,-0.650871
0.403805,-0.357255,0.240110
0.414471,-0.370482,0.241474
-0.698257,0.725304,-0.657662
-0.648112,0.684840,-0.658226
0.407784,-0.359502,0.244529
0.005636,0.004181,0.021440
0.084869,-0.122574,0.018346

-0.044214,-0.009296,-0.026317
-0.286811,0.200396,0.155307
-0.662784,0.681608,0.633964
-0.080517,0.042500,0.020200
0.624765,-0.612658,-0.400895
0.845187,-0.777964,-0.530859
-0.566195,0.598864,0.575593
-1.317956,1.242783,1.410379
-0.283627,0.166599,0.204970
-0.254331,0.243997,0.231651
-0.087468,-0.013952,0.015556
-0.498599,0.313194,0.493056
-0.198741,0.157956,0.087616
-0.979011,0.966710,0.946400
-0.059100,0.059846,0.050033
-1.366146,1.277194,1.476834
-0.624989,0.650260,0.612766
-0.230937,0.123185,0.166379
-0.186451,0.132064,0.099497
-0.926181,0.918389,0.875775
0.684503,-0.685415,-0.444643
-1.404361,1.293677,1.540972
-1.663143,1.448118,2.150280
-1.446098,1.329533,1.631956
-0.187326,0.178522,0.157564
-0.935054,0.934289,0.922046
0.272705,-0.283979,-0.227262
-0.934237,0.909996,0.892422
-0.615484,0.644869,0.605113
-1.127703,1.060014,1.107816
-0.241211,0.134111,0.149924
-0.288842,0.238518,0.158821
-0.186470,0.124847,0.075062
-0.392942,0.228607,0.321173
-1.373092,1.281745,1.486876
-1.255786,1.197816,1.355821
-0.912105,0.915964,0.886411
0.477358,-0.491436,-0.296536
-1.021598,0.990908,0.987236
0.696021,-0.664088,-0.448398
-0.638826,0.664140,0.624533
-1.101700,1.027208,1.096737
0.829717,-0.772863,-0.521821
0.851625,-0.784413,-0.531490
-1.385802,1.212867,1.541411
-1.146425,1.098126,1.173136
0.841371,-0.773265,-0.529091
-0.033321,0.024963,-0.016241
0.246443,-0.215004,-0.188219

-0.039330,-0.008089,-0.021057
-0.255827,0.180675,0.132119
-0.529445,0.533298,0.513073
-0.072519,0.037889,0.016645
0.472804,-0.440200,-0.236041
0.526977,-0.405718,-0.239116
-0.463345,0.475399,0.464776
-0.843634,0.833460,0.871485
-0.261247,0.157718,0.182888
-0.214711,0.193541,0.177816
-0.079883,-0.012722,0.013165
-0.439866,0.292872,0.421469
-0.174774,0.136568,0.070925
-0.713363,0.714521,0.707638
-0.050123,0.046900,0.037331
-0.856963,0.844537,0.886592
-0.504099,0.511424,0.495312
-0.214258,0.116898,0.148451
-0.168298,0.119329,0.084030
-0.685688,0.686609,0.669965
0.484489,-0.435191,-0.228612
-0.866637,0.849898,0.899108
-0.915834,0.888817,0.964431
-0.876870,0.860178,0.914640
-0.158434,0.140686,0.119770
-0.691979,0.696734,0.693934
0.242610,-0.251254,-0.182070
-0.689569,0.683031,0.678188
-0.497615,0.507427,0.489343
-0.779066,0.764093,0.780682
-0.223182,0.126974,0.133773
-0.252946,0.207683,0.130942
-0.166611,0.111040,0.062321
-0.355225,0.215851,0.284073
-0.858768,0.845942,0.888687
-0.825800,0.818628,0.857839
-0.680013,0.686087,0.675878
0.398670,-0.403653,-0.204775
-0.733265,0.728232,0.727786
0.490354,-0.425860,-0.229885
-0.513572,0.521045,0.504636
-0.768762,0.749731,0.774962
0.521271,-0.404513,-0.237317
0.529075,-0.407160,-0.238268
-0.861577,0.826544,0.897690
-0.786949,0.779729,0.803588
0.525512,-0.404168,-0.238833
-0.028952,0.020749,-0.012451
0.200760,-0.159792,-0.127936

