0.039997,0.036304,0.029137,0.265443,-0.212573,-0.162915,0.100860,0.164506,-0.219630
-0.054097,0.080638,-0.017140,0.160581,-0.183174,-0.160440,0.013872,0.301583,-0.238472
0.143436,-0.050804,-0.043637,0.177949,-0.101487,-0.012449,0.028216,0.229276,-0.034789
0.056731,-0.022640,-0.072374,0.112113,-0.170740,-0.034132,-0.035011,0.330235,-0.099067
-0.063427,0.062729,-0.053369,0.099965,-0.157477,-0.116832,-0.037171,0.376455,-0.198596
0.065908,-0.011278,-0.019111,0.196910,-0.181386,-0.087327,0.038900,0.226018,-0.138323
0.043546,0.010035,-0.008518,0.193626,-0.120647,-0.096252,0.049284,0.234659,-0.131683
0.020184,0.052769,0.042434,0.268382,-0.190413,-0.179171,0.116015,0.170045,-0.234601
0.094444,-0.030838,-0.046719,0.161026,-0.141082,-0.037398,0.010199,0.261215,-0.078452
-0.067789,0.094494,0.016924,0.203662,-0.164210,-0.198396,0.058108,0.251852,-0.263331
-0.002127,0.039209,-0.054646,0.123287,-0.148531,-0.094486,-0.021647,0.331308,-0.159890
0.009178,0.031225,0.002302,0.205736,-0.171846,-0.135159,0.054014,0.231388,-0.191999
-0.006890,0.049220,-0.019503,0.173191,-0.150558,-0.131438,0.023261,0.270083,-0.188574
0.051740,0.004871,-0.035846,0.160606,-0.136644,-0.072433,0.014679,0.272508,-0.116777
0.086156,-0.006534,-0.026701,0.186901,-0.135425,-0.066086,0.036895,0.234868,-0.099626
-0.060124,0.090028,-0.003893,0.180305,-0.166643,-0.179863,0.031064,0.272781,-0.247865
-0.034737,0.069453,-0.035588,0.141392,-0.142832,-0.132901,-0.004449,0.313249,-0.196049
-0.086494,0.091426,0.020033,0.204391,-0.185769,-0.205054,0.054571,0.254561,-0.281517
-0.108626,0.100205,-0.018969,0.139128,-0.147935,-0.177103,-0.001676,0.331631,-0.252932
0.071148,0.015803,0.032064,0.274016,-0.169616,-0.137924,0.111210,0.138169,-0.169188
0.025712,0.028114,-0.000291,0.206944,-0.153374,-0.125219,0.056859,0.227434,-0.174952
-0.020694,0.097618,0.099824,0.345886,-0.244191,-0.267821,0.181318,0.093595,-0.332730
0.016079,0.046199,0.046897,0.278847,-0.207302,-0.183861,0.116106,0.148109,-0.236047
0.083671,-0.004492,-0.011781,0.204053,-0.115379,-0.077279,0.057338,0.216760,-0.106257
-0.045713,0.089522,-0.015557,0.162383,-0.147431,-0.162200,0.022999,0.301115,-0.226526
0.010893,0.013877,-0.059483,0.112709,-0.146086,-0.068134,-0.028437,0.340000,-0.132257
-0.007382,0.055851,0.010541,0.216957,-0.176827,-0.161214,0.062318,0.221323,-0.218501
0.034567,0.034044,0.019461,0.236921,-0.143273,-0.139221,0.085856,0.188590,-0.175293
-0.081648,0.141725,0.059656,0.264691,-0.198933,-0.269714,0.116150,0.195082,-0.341168
0.011081,0.028191,-0.026795,0.164730,-0.176191,-0.108616,0.017184,0.286023,-0.176726
0.052842,-0.014294,-0.070399,0.116751,-0.187322,-0.044523,-0.032467,0.326553,-0.114251
0.086332,-0.020675,-0.023314,0.190177,-0.138718,-0.064152,0.040195,0.232056,-0.104609
0.072028,-0.010225,-0.047605,0.154396,-0.158277,-0.054768,0.004636,0.278488,-0.104900
-0.014142,0.063631,-0.004873,0.183763,-0.120321,-0.143888,0.042440,0.259382,-0.187385
0.007410,0.038708,-0.022791,0.172507,-0.138897,-0.117543,0.021007,0.259295,-0.164661
-0.058904,0.109348,0.063718,0.279820,-0.215852,-0.251105,0.122908,0.168947,-0.322062
0.049026,0.003343,-0.048580,0.145831,-0.161926,-0.066702,-0.003831,0.290336,-0.121502
0.102444,-0.022965,-0.032839,0.179730,-0.117026,-0.046107,0.033153,0.239857,-0.076659
-0.058715,0.088242,0.030846,0.231446,-0.201510,-0.210453,0.076624,0.218558,-0.283787
-0.022808,0.074903,0.037756,0.248342,-0.167979,-0.193804,0.094717,0.185397,-0.241542
0.035357,0.024004,-0.031886,0.161305,-0.110112,-0.087428,0.016692,0.270535,-0.125164
0.073846,-0.022885,-0.054948,0.140584,-0.146359,-0.039109,-0.006030,0.293455,-0.089905
0.046994,0.001180,-0.008777,0.199515,-0.162837,-0.100208,0.048218,0.230175,-0.149873
0.050976,-0.021570,-0.079380,0.103778,-0.194646,-0.036496,-0.045493,0.344412,-0.114280
-0.059761,0.079313,-0.044237,0.119265,-0.143156,-0.135139,-0.022420,0.346615,-0.206767
0.004659,0.033277,0.003072,0.204325,-0.157344,-0.135161,0.053560,0.230803,-0.186379
0.124349,-0.043516,-0.025432,0.198184,-0.111950,-0.037581,0.045580,0.206800,-0.060801
-0.001016,0.031478,-0.042762,0.133037,-0.167801,-0.096573,-0.007435,0.325078,-0.167112
-0.015234,0.049897,-0.001690,0.195792,-0.175263,-0.149514,0.043152,0.247895,-0.212970

0.021360,0.019246,0.014623,0.144529,-0.108518,-0.085843,0.059493,0.078048,-0.112193
-0.027405,0.041338,-0.008445,0.080672,-0.095075,-0.080883,0.007840,0.152385,-0.120669
0.074404,-0.026317,-0.022423,0.092706,-0.050757,-0.006300,0.015440,0.114741,-0.018093
0.028530,-0.011589,-0.035469,0.056144,-0.088210,-0.017332,-0.019423,0.165134,-0.050498
-0.032134,0.032179,-0.026177,0.050240,-0.081843,-0.059151,-0.020829,0.187686,-0.100846
0.035101,-0.005973,-0.009551,0.107684,-0.092674,-0.046301,0.022742,0.106445,-0.071016
0.022842,0.005219,-0.004388,0.101133,-0.060513,-0.048571,0.027311,0.117877,-0.068552
0.010616,0.027482,0.021953,0.139732,-0.095172,-0.089767,0.065077,0.086170,-0.121312
0.047298,-0.015749,-0.022980,0.080392,-0.073121,-0.018987,0.005663,0.131589,-0.039964
-0.035225,0.048145,0.008339,0.109251,-0.081125,-0.103214,0.033124,0.130263,-0.137714
-0.001104,0.019992,-0.026748,0.066208,-0.073119,-0.049634,-0.012145,0.169051,-0.084356
0.004910,0.016554,0.001152,0.112604,-0.088115,-0.071445,0.031744,0.109162,-0.098286
-0.003574,0.025083,-0.009585,0.092872,-0.074234,-0.068855,0.013140,0.139001,-0.099285
0.026034,0.002491,-0.017646,0.080295,-0.070971,-0.036735,0.008184,0.137359,-0.059491
0.043197,-0.003338,-0.013165,0.093230,-0.070315,-0.033518,0.020556,0.118742,-0.050760
-0.031239,0.045878,-0.001916,0.096838,-0.082217,-0.093766,0.017669,0.140760,-0.129885
-0.018044,0.035398,-0.017453,0.075953,-0.070476,-0.069610,-0.002509,0.160546,-0.103214
-0.046413,0.048497,0.010026,0.112204,-0.095444,-0.107625,0.032366,0.120414,-0.142904
-0.056411,0.051081,-0.009309,0.074884,-0.073144,-0.092370,-0.000952,0.169818,-0.132506
0.037869,0.008362,0.016097,0.148738,-0.086973,-0.072852,0.065267,0.065433,-0.086716
0.013511,0.014637,-0.000150,0.108160,-0.076792,-0.063061,0.031678,0.114567,-0.090907
-0.011091,0.051707,0.050242,0.186843,-0.124712,-0.139132,0.107910,0.044641,-0.167633
0.008596,0.024486,0.023556,0.151662,-0.106044,-0.096667,0.068652,0.070322,-0.120415
0.043744,-0.002334,-0.006070,0.106383,-0.057826,-0.039040,0.031663,0.108947,-0.055319
-0.023765,0.045604,-0.007645,0.087248,-0.072818,-0.084734,0.013022,0.154695,-0.118933
0.005499,0.007109,-0.029179,0.056486,-0.075809,-0.034573,-0.015831,0.169972,-0.067368
-0.003955,0.029605,0.005278,0.118734,-0.090740,-0.085025,0.036743,0.104687,-0.111645
0.018150,0.017709,0.010051,0.123468,-0.071855,-0.070022,0.047865,0.095271,-0.091087
-0.042468,0.072034,0.029491,0.141511,-0.098178,-0.138829,0.066742,0.101698,-0.176489
0.005595,0.014449,-0.013198,0.082549,-0.091283,-0.054984,0.009645,0.144305,-0.089815
0.026588,-0.007321,-0.034518,0.058503,-0.096621,-0.022601,-0.018051,0.163530,-0.058238
0.045105,-0.010743,-0.012001,0.099288,-0.069343,-0.032424,0.022203,0.116431,-0.054464
0.036172,-0.005230,-0.023414,0.077199,-0.081953,-0.027789,0.002581,0.140245,-0.053465
-0.007455,0.033112,-0.002510,0.096237,-0.060498,-0.072384,0.023644,0.130453,-0.097310
0.003839,0.019714,-0.011199,0.092418,-0.068511,-0.061630,0.011839,0.133515,-0.086835
-0.031620,0.057924,0.031997,0.152592,-0.110645,-0.130869,0.073198,0.080522,-0.162527
0.024673,0.001711,-0.023884,0.072989,-0.083854,-0.033828,-0.002136,0.146156,-0.061924
0.053438,-0.011924,-0.016888,0.093781,-0.058554,-0.023315,0.018232,0.120193,-0.039925
-0.031510,0.046797,0.015458,0.126765,-0.103321,-0.110356,0.045483,0.103717,-0.143996
-0.012225,0.039672,0.018937,0.135553,-0.086416,-0.101816,0.055992,0.087990,-0.123161
0.018577,0.012485,-0.016388,0.084401,-0.055256,-0.044160,0.009226,0.135531,-0.065181
0.037076,-0.011700,-0.026992,0.070293,-0.075834,-0.019860,-0.003348,0.147339,-0.045804
0.025073,0.000625,-0.004388,0.109112,-0.083446,-0.053109,0.028210,0.108350,-0.076880
0.025656,-0.011051,-0.038868,0.052022,-0.100271,-0.018533,-0.025262,0.171981,-0.058241
-0.031062,0.040436,-0.021665,0.064146,-0.070652,-0.070782,-0.012638,0.176845,-0.108783
0.002493,0.017636,0.001537,0.111803,-0.080813,-0.071445,0.031458,0.108870,-0.095451
0.064638,-0.022559,-0.013092,0.103208,-0.056012,-0.019007,0.025057,0.103762,-0.031644
-0.000513,0.016136,-0.021020,0.066745,-0.086986,-0.048932,-0.004162,0.163106,-0.085003
-0.008165,0.026463,-0.000845,0.107331,-0.089912,-0.078957,0.025412,0.116953,-0.108863

-0.045944,0.170568,0.004492,0.059531,-0.083159,0.163060,-0.170684,0.121244,0.068616
-0.053685,0.164517,0.005293,0.028559,-0.103848,0.140970,-0.159656,0.118412,0.077849
-0.028151,0.154991,-0.015391,0.068233,-0.044851,0.156241,-0.148301,0.082035,0.085591
-0.031558,0.149657,-0.020311,0.045353,-0.053714,0.137515,-0.137732,0.072843,0.097214
-0.052874,0.158895,-0.000744,0.015820,-0.104321,0.124245,-0.144952,0.102081,0.089965
-0.030322,0.155597,-0.016230,0.060859,-0.050060,0.150215,-0.146420,0.082100,0.088127
-0.046079,0.160687,0.000898,0.041792,-0.087339,0.143777,-0.152665,0.105547,0.080335
-0.064711,0.181520,0.023522,0.041896,-0.127067,0.155317,-0.178521,0.148280,0.060113
-0.030666,0.152327,-0.015562,0.056894,-0.052142,0.147324,-0.143957,0.079481,0.090400
-0.059780,0.170080,0.014020,0.028072,-0.119202,0.140182,-0.162907,0.128275,0.073289
-0.041828,0.161965,-0.005584,0.049366,-0.075301,0.146099,-0.151117,0.098752,0.082351
-0.045060,0.159437,-0.003179,0.037227,-0.084699,0.141825,-0.153002,0.102720,0.083674
-0.041161,0.160278,-0.005087,0.047460,-0.075521,0.146558,-0.152838,0.099106,0.082706
-0.041385,0.158650,-0.003578,0.048162,-0.075805,0.147658,-0.152168,0.099673,0.081674
-0.040463,0.165124,0.000997,0.066077,-0.072077,0.159483,-0.158171,0.106832,0.073069
-0.047496,0.161164,0.000211,0.035794,-0.089492,0.146064,-0.159393,0.112418,0.078466
-0.043193,0.160742,-0.003037,0.045038,-0.079454,0.147267,-0.154487,0.104039,0.080198
-0.054925,0.160540,0.003991,0.015895,-0.109797,0.130307,-0.153824,0.113090,0.084152
-0.051840,0.155523,-0.001589,0.012646,-0.102068,0.126724,-0.147858,0.104581,0.088625
-0.039043,0.165643,0.001606,0.070003,-0.069571,0.165692,-0.164404,0.110833,0.070273
-0.046597,0.162757,0.000243,0.041127,-0.087681,0.146312,-0.157839,0.109421,0.079169
-0.066837,0.185715,0.030262,0.049284,-0.131095,0.166200,-0.189500,0.162009,0.050627
-0.047589,0.167466,0.006555,0.052904,-0.089504,0.156732,-0.165718,0.119552,0.070924
-0.045095,0.165360,0.003192,0.054355,-0.083714,0.153426,-0.159067,0.110707,0.074666
-0.063034,0.179278,0.020368,0.040738,-0.122848,0.150503,-0.170462,0.140807,0.062986
-0.040837,0.153478,-0.011105,0.033292,-0.075018,0.134029,-0.142265,0.088022,0.091874
-0.046195,0.165388,0.002600,0.049259,-0.086089,0.152035,-0.160339,0.113228,0.074757
-0.048208,0.165886,0.007585,0.049839,-0.091658,0.154428,-0.163583,0.118901,0.071326
-0.074219,0.190952,0.036791,0.042070,-0.147465,0.163007,-0.191791,0.173093,0.046438
-0.050314,0.163245,0.000892,0.031929,-0.096370,0.138767,-0.155068,0.108737,0.082682
-0.033414,0.153589,-0.017405,0.049907,-0.056114,0.143348,-0.143464,0.081169,0.091867
-0.036844,0.156881,-0.010733,0.049954,-0.065558,0.145392,-0.148368,0.089269,0.087558
-0.038929,0.161152,-0.005242,0.057888,-0.069206,0.151249,-0.152029,0.096853,0.081216
-0.052902,0.166171,0.009627,0.038799,-0.101814,0.149660,-0.163967,0.124273,0.070933
-0.032268,0.152713,-0.012986,0.055098,-0.055384,0.150952,-0.148695,0.087717,0.085664
-0.063350,0.177699,0.021882,0.036908,-0.125183,0.154403,-0.178608,0.147324,0.061183
-0.036197,0.156673,-0.009140,0.054520,-0.063580,0.149612,-0.149445,0.092015,0.084137
-0.039784,0.161983,-0.002870,0.058913,-0.071277,0.153441,-0.154284,0.100435,0.078719
-0.053681,0.164442,0.006196,0.028355,-0.104933,0.142572,-0.162703,0.120498,0.077147
-0.051250,0.168636,0.011363,0.048998,-0.098296,0.155139,-0.165795,0.125662,0.067791
-0.038004,0.156678,-0.005864,0.051906,-0.067879,0.152238,-0.153512,0.098911,0.080204
-0.036504,0.154557,-0.012210,0.047071,-0.065034,0.141294,-0.143799,0.084427,0.090691
-0.040568,0.158788,-0.007180,0.045439,-0.074481,0.142023,-0.147903,0.093243,0.086644
-0.030189,0.148582,-0.024803,0.042677,-0.049614,0.136488,-0.137940,0.069871,0.100145
-0.046475,0.159358,-0.002851,0.033621,-0.087238,0.140129,-0.152036,0.104296,0.083095
-0.043465,0.157292,-0.003891,0.038178,-0.082022,0.141239,-0.150569,0.099519,0.084692
-0.024786,0.147994,-0.021107,0.060719,-0.039161,0.150064,-0.142486,0.071682,0.092937
-0.053519,0.164328,0.003299,0.027938,-0.103199,0.135961,-0.153778,0.111898,0.081853
-0.044475,0.160278,-0.003155,0.039836,-0.083470,0.142929,-0.153131,0.102618,0.083057

-0.024654,0.090191,0.002098,0.030472,-0.042306,0.079685,-0.084079,0.063674,0.035291
-0.028838,0.086557,0.002477,0.014641,-0.052682,0.068855,-0.078283,0.061838,0.040284
-0.014975,0.080962,-0.007214,0.035045,-0.022639,0.076121,-0.072496,0.042678,0.043904
-0.016833,0.078193,-0.009523,0.023276,-0.027094,0.067148,-0.067257,0.037904,0.050114
-0.028351,0.083218,-0.000349,0.008119,-0.052756,0.060688,-0.070884,0.053125,0.046614
-0.016207,0.081803,-0.007592,0.031184,-0.025364,0.073468,-0.071923,0.042953,0.045299
-0.024644,0.084329,0.000420,0.021460,-0.044247,0.070201,-0.074879,0.055031,0.041357
-0.034751,0.095884,0.010998,0.021475,-0.064571,0.075829,-0.087839,0.077649,0.030966
-0.016346,0.079693,-0.007292,0.029200,-0.026337,0.071901,-0.070414,0.041397,0.046482
-0.032176,0.089739,0.006550,0.014392,-0.060597,0.068527,-0.080156,0.067096,0.037895
-0.022386,0.084783,-0.002616,0.025336,-0.038105,0.071194,-0.073863,0.051411,0.042561
-0.024162,0.084004,-0.001486,0.019084,-0.042994,0.069416,-0.075261,0.053762,0.043102
-0.022070,0.084231,-0.002379,0.024339,-0.038313,0.071572,-0.075004,0.051756,0.042673
-0.022106,0.083094,-0.001677,0.024724,-0.038345,0.072003,-0.074430,0.051908,0.042087
-0.021588,0.086510,0.000467,0.033906,-0.036480,0.077654,-0.077369,0.055666,0.037602
-0.025549,0.084939,0.000098,0.018349,-0.045494,0.071378,-0.078326,0.058784,0.040564
-0.023168,0.084357,-0.001421,0.023106,-0.040295,0.071821,-0.075663,0.054240,0.041467
-0.029587,0.084878,0.001863,0.008143,-0.055873,0.063908,-0.075864,0.059294,0.043495
-0.027904,0.081819,-0.000743,0.006487,-0.051819,0.062009,-0.072613,0.054577,0.045916
-0.020910,0.087481,0.000750,0.035848,-0.035385,0.080945,-0.081012,0.058155,0.036071
-0.024967,0.085611,0.000114,0.021099,-0.044477,0.071491,-0.077513,0.057171,0.040775
-0.036062,0.098943,0.014096,0.025196,-0.066975,0.081321,-0.093834,0.085410,0.026065
-0.025569,0.088712,0.003059,0.027077,-0.045591,0.076726,-0.081823,0.062853,0.036482
-0.024079,0.086696,0.001495,0.027913,-0.042385,0.074779,-0.077925,0.057695,0.038390
-0.033844,0.094167,0.009533,0.020906,-0.062302,0.073250,-0.083446,0.073357,0.032614
-0.021829,0.080256,-0.005205,0.017094,-0.037898,0.065430,-0.069512,0.045784,0.047446
-0.024797,0.087260,0.001215,0.025237,-0.043776,0.074321,-0.078901,0.059317,0.038540
-0.025835,0.087390,0.003546,0.025563,-0.046561,0.075406,-0.080420,0.062173,0.036705
-0.040063,0.101222,0.017166,0.021542,-0.075173,0.079480,-0.094477,0.090696,0.024022
-0.026944,0.085689,0.000418,0.016380,-0.048774,0.067774,-0.075950,0.056728,0.042680
-0.017832,0.080310,-0.008161,0.025603,-0.028322,0.069946,-0.070041,0.042265,0.047385
-0.019670,0.082239,-0.005026,0.025641,-0.033160,0.071017,-0.072731,0.046561,0.044993
-0.020769,0.084336,-0.002458,0.029704,-0.034977,0.073705,-0.074286,0.050446,0.041844
-0.028372,0.087325,0.004504,0.019919,-0.051673,0.072973,-0.080386,0.064787,0.036620
-0.017286,0.080233,-0.006071,0.028256,-0.028096,0.073724,-0.072974,0.045801,0.044151
-0.034172,0.094365,0.010204,0.018886,-0.063867,0.075565,-0.088246,0.077468,0.031577
-0.019331,0.082044,-0.004283,0.027970,-0.032150,0.072959,-0.073060,0.047943,0.043378
-0.021206,0.084743,-0.001345,0.030258,-0.036029,0.074744,-0.075449,0.052279,0.040469
-0.028913,0.087059,0.002892,0.014519,-0.053440,0.069860,-0.080269,0.063262,0.039826
-0.027552,0.089193,0.005304,0.025098,-0.050080,0.075850,-0.081749,0.065907,0.034943
-0.020317,0.082086,-0.002746,0.026653,-0.034379,0.074206,-0.075134,0.051504,0.041327
-0.019468,0.080796,-0.005724,0.024168,-0.032830,0.068947,-0.070267,0.043936,0.046704
-0.021703,0.083491,-0.003359,0.023301,-0.037748,0.069483,-0.072681,0.048753,0.044571
-0.016111,0.077653,-0.011630,0.021894,-0.025017,0.066677,-0.067345,0.036376,0.051645
-0.024944,0.083572,-0.001334,0.017255,-0.044216,0.068360,-0.074411,0.054324,0.043026
-0.023305,0.082860,-0.001819,0.019576,-0.041646,0.069135,-0.074082,0.052072,0.043623
-0.013208,0.077516,-0.009880,0.031168,-0.019793,0.073315,-0.069868,0.037371,0.047637
-0.028646,0.086085,0.001546,0.014341,-0.052167,0.066330,-0.075168,0.058260,0.042316
-0.023868,0.084472,-0.001475,0.020415,-0.042400,0.069944,-0.075326,0.053722,0.042833

