-0.211559
-0.192536
-0.197732
-0.198877
-0.170472
-0.111637
-0.197144
-0.265991
-0.231514
-0.232856
-0.215195
-0.239099
-0.254389
-0.268435
-0.206648
-0.284657
-0.215857
-0.222983
-0.197669
-0.229791
-0.162388
-0.311198
-0.356643
-0.304606
-0.219509
-0.254167
-0.179695
-0.267306
-0.203358
-0.301665
-0.255333
-0.278902
-0.186530
-0.248734
-0.290189
-0.273737
-0.237821
-0.185796
-0.279543
-0.174476
-0.210983
-0.270539
-0.123634
-0.117720
-0.319251
-0.290345
-0.140737
-0.242929
-0.199126

-0.102598
-0.093556
-0.103990
-0.096585
-0.084663
-0.055646
-0.103687
-0.138760
-0.112073
-0.114680
-0.104320
-0.115638
-0.124928
-0.139943
-0.102074
-0.148086
-0.113302
-0.108051
-0.096010
-0.120410
-0.080693
-0.161198
-0.183203
-0.157959
-0.108275
-0.132772
-0.087454
-0.139366
-0.106887
-0.156453
-0.123229
-0.136501
-0.090689
-0.120150
-0.150834
-0.142640
-0.124501
-0.092184
-0.145492
-0.086623
-0.110804
-0.140984
-0.061592
-0.058662
-0.165058
-0.150860
-0.070045
-0.119490
-0.098433

0.176643
0.175555
0.174921
0.174854
0.174204
0.172444
0.172746
0.175542
0.178087
0.176153
0.177386
0.175908
0.176106
0.176043
0.174755
0.177181
0.175431
0.174947
0.174471
0.175524
0.175417
0.178983
0.183039
0.179187
0.176206
0.174524
0.173731
0.176767
0.174351
0.180257
0.177901
0.177158
0.176126
0.178645
0.177315
0.177934
0.174502
0.175522
0.177335
0.173957
0.174414
0.177365
0.173028
0.173084
0.182592
0.178589
0.173824
0.173590
0.171550

0.088138
0.087591
0.087297
0.087253
0.086916
0.086009
0.086231
0.087656
0.088860
0.087917
0.088505
0.087799
0.087910
0.087903
0.087213
0.088473
0.087562
0.087316
0.087065
0.087618
0.087504
0.089376
0.091396
0.089471
0.087933
0.087147
0.086689
0.088256
0.087023
0.089992
0.088786
0.088444
0.087867
0.089145
0.088543
0.088833
0.087124
0.087573
0.088544
0.086798
0.087059
0.088552
0.086305
0.086328
0.091148
0.089167
0.086707
0.086669
0.085637

