-0.190955,0.390976,0.240642,-0.363423,0.056215,0.374084,0.348359
-0.211734,0.416094,0.270891,-0.332608,0.033615,0.380909,0.407191
-0.234367,0.441519,0.307002,-0.356643,0.053483,0.400383,0.385124
-0.266879,0.470895,0.311319,-0.401595,0.060405,0.436854,0.412640
-0.076834,0.299394,0.231302,-0.216917,-0.000347,0.285333,0.343130
-0.222411,0.422415,0.264837,-0.390248,0.061559,0.402333,0.371612
-0.145155,0.365252,0.283132,-0.292629,0.038774,0.346161,0.336243
0.006313,0.220324,0.194391,-0.161361,0.012766,0.228103,0.267054
-0.231669,0.420996,0.246017,-0.371317,0.053316,0.386101,0.387124
-0.200715,0.420602,0.272430,-0.428634,0.102103,0.429000,0.343006
-0.221065,0.415613,0.262941,-0.361230,0.051197,0.381328,0.368964
-0.221720,0.439834,0.311947,-0.329091,0.028504,0.398122,0.427063
-0.215410,0.414579,0.259165,-0.339972,0.036856,0.381585,0.410606
-0.174180,0.388211,0.253241,-0.310160,0.023653,0.363650,0.399080
-0.135992,0.373624,0.289869,-0.316974,0.051533,0.370851,0.343349
-0.249737,0.433856,0.257401,-0.356918,0.047352,0.385059,0.406831
-0.223362,0.409532,0.213051,-0.340516,0.021725,0.374009,0.440715
-0.219902,0.404970,0.232321,-0.364132,0.054404,0.373770,0.378172
-0.150981,0.380928,0.273517,-0.320343,0.038344,0.373631,0.368369
-0.140802,0.374356,0.273407,-0.311325,0.041669,0.368684,0.368633
-0.275473,0.449308,0.250103,-0.406843,0.065259,0.410432,0.402784
-0.010056,0.240071,0.216442,-0.203436,0.044321,0.256807,0.240954
0.003899,0.218948,0.173365,-0.114707,-0.046016,0.206988,0.345485
-0.143717,0.347654,0.208892,-0.297335,0.026154,0.332271,0.370851
-0.162468,0.366588,0.230600,-0.286907,0.016169,0.335523,0.384357
-0.107227,0.304560,0.195509,-0.274870,0.047115,0.292142,0.295772
-0.213778,0.406160,0.246722,-0.383417,0.068543,0.387359,0.355099
-0.152039,0.359771,0.236079,-0.343018,0.066956,0.354480,0.319631
-0.109703,0.333050,0.262880,-0.277157,0.050307,0.327001,0.311207
-0.252260,0.431706,0.227015,-0.427604,0.079097,0.410152,0.376567
-0.118391,0.352909,0.271922,-0.253127,0.011222,0.331754,0.370231
-0.033029,0.272921,0.245815,-0.251455,0.057933,0.298508,0.244590
-0.178660,0.359261,0.196252,-0.299812,0.027403,0.319978,0.377145
-0.217748,0.424867,0.268601,-0.413611,0.089851,0.417037,0.351786
-0.236913,0.431154,0.279648,-0.361313,0.051533,0.391679,0.384997
-0.246831,0.455908,0.302635,-0.384064,0.055437,0.421400,0.401169
-0.210407,0.407546,0.241277,-0.408051,0.081912,0.398659,0.343945
-0.159825,0.383762,0.305917,-0.323389,0.059561,0.369996,0.317872
-0.082867,0.324852,0.272016,-0.317261,0.083387,0.350485,0.264577
-0.092262,0.335927,0.273205,-0.292330,0.055993,0.346863,0.315924
-0.297182,0.473182,0.266607,-0.398741,0.053681,0.417252,0.432897
-0.164721,0.371308,0.237022,-0.342094,0.058924,0.358641,0.340728
-0.092726,0.327676,0.237404,-0.240365,-0.004564,0.318069,0.384933
-0.147502,0.380344,0.280788,-0.316647,0.046197,0.368829,0.353460
-0.254382,0.434297,0.257231,-0.375392,0.058871,0.390194,0.385495
-0.199239,0.391646,0.225862,-0.303241,0.013718,0.344108,0.419204
-0.025050,0.255085,0.193527,-0.162541,-0.030954,0.249311,0.358950
-0.166310,0.366019,0.215574,-0.293247,0.014482,0.335571,0.394402
-0.075182,0.308044,0.247949,-0.281843,0.065989,0.320575,0.276636

-0.103745,0.198423,0.118140,-0.184534,0.026231,0.184183,0.177399
-0.120014,0.216389,0.138126,-0.163766,0.016382,0.193466,0.216048
-0.133066,0.229233,0.155668,-0.174747,0.026046,0.202776,0.205653
-0.151286,0.243232,0.157869,-0.194717,0.029427,0.219273,0.218927
-0.043595,0.158141,0.118448,-0.108945,-0.000169,0.147660,0.184471
-0.120885,0.213506,0.129678,-0.196945,0.028731,0.196874,0.188371
-0.082717,0.192003,0.144049,-0.145234,0.018867,0.177455,0.181312
0.003561,0.115885,0.098488,-0.081944,0.006161,0.115551,0.139758
-0.125596,0.212629,0.120764,-0.188222,0.024901,0.189460,0.195530
-0.114495,0.217263,0.137103,-0.207302,0.049235,0.209523,0.177523
-0.119968,0.210132,0.128700,-0.183533,0.023903,0.187434,0.187131
-0.126128,0.228284,0.158084,-0.162209,0.013893,0.201628,0.225664
-0.122033,0.215676,0.132411,-0.167127,0.017962,0.193736,0.217668
-0.092314,0.186767,0.115066,-0.149234,0.011765,0.173461,0.201060
-0.077568,0.193826,0.145236,-0.157273,0.024890,0.183463,0.177476
-0.141084,0.225140,0.131533,-0.174842,0.023080,0.195443,0.216013
-0.117653,0.195947,0.097313,-0.162808,0.010818,0.177750,0.219658
-0.119228,0.205087,0.114246,-0.184870,0.025405,0.183883,0.191364
-0.080245,0.183710,0.123927,-0.153830,0.019054,0.178060,0.186931
-0.080265,0.194075,0.137386,-0.154638,0.020140,0.182345,0.189471
-0.155285,0.232665,0.128009,-0.196959,0.031797,0.207137,0.214098
-0.005696,0.126439,0.109451,-0.102823,0.021372,0.129768,0.126726
0.002039,0.106540,0.079265,-0.056637,-0.022831,0.101128,0.175663
-0.075968,0.167973,0.095388,-0.143385,0.013004,0.159456,0.187927
-0.085830,0.176566,0.104977,-0.138635,0.008042,0.160916,0.194218
-0.058141,0.156185,0.096409,-0.142035,0.021965,0.146089,0.152036
-0.116109,0.205855,0.121107,-0.193798,0.031977,0.190163,0.180633
-0.082742,0.183559,0.115971,-0.174953,0.031206,0.175340,0.163698
-0.062481,0.175845,0.134138,-0.137927,0.024458,0.168272,0.168600
-0.136455,0.217720,0.111748,-0.213766,0.036911,0.200150,0.190680
-0.062838,0.170601,0.123115,-0.123043,0.005577,0.159402,0.187735
-0.018762,0.143379,0.123866,-0.126207,0.027928,0.149879,0.128577
-0.096792,0.182879,0.096854,-0.154241,0.012803,0.158978,0.190747
-0.123819,0.219000,0.135183,-0.200804,0.043371,0.204211,0.181691
-0.134158,0.224000,0.142395,-0.176827,0.025102,0.198681,0.205494
-0.139978,0.235876,0.153590,-0.187000,0.027002,0.212355,0.213363
-0.114316,0.206526,0.118518,-0.205015,0.038184,0.195261,0.175385
-0.091164,0.201397,0.155065,-0.159558,0.028958,0.188896,0.172108
-0.047337,0.170165,0.136706,-0.157410,0.040171,0.174439,0.138813
-0.052706,0.175513,0.137292,-0.145746,0.027022,0.172597,0.164225
-0.160119,0.236603,0.130515,-0.200837,0.025096,0.203152,0.216336
-0.089608,0.189050,0.116428,-0.174522,0.027481,0.177176,0.173775
-0.049045,0.158416,0.107975,-0.117037,-0.002268,0.152996,0.194302
-0.084044,0.196986,0.140882,-0.157119,0.022323,0.182469,0.182312
-0.143630,0.225451,0.131442,-0.183116,0.028680,0.197897,0.205742
-0.108059,0.198377,0.111119,-0.155929,0.006413,0.170165,0.209961
-0.013167,0.123990,0.088386,-0.079923,-0.015369,0.121198,0.182065
-0.087813,0.176265,0.098342,-0.141528,0.007205,0.160869,0.198802
-0.042844,0.161462,0.125003,-0.140766,0.031823,0.160334,0.144806

0.220526,0.032378,-0.097466,0.207519,-0.257790,-0.053108,-0.106027
0.225479,0.041271,-0.102619,0.214829,-0.267390,-0.057011,-0.103908
0.222738,0.034348,-0.099677,0.206995,-0.262138,-0.053126,-0.100048
0.231912,0.054360,-0.111475,0.228204,-0.279474,-0.067329,-0.107989
0.207553,0.016800,-0.078535,0.188163,-0.241839,-0.031706,-0.097890
0.224790,0.042836,-0.103245,0.218080,-0.267802,-0.059346,-0.107789
0.210749,0.016847,-0.084319,0.190230,-0.244002,-0.037765,-0.098238
0.194331,-0.012912,-0.061480,0.159364,-0.215873,-0.009454,-0.089484
0.224149,0.037841,-0.101273,0.211987,-0.264019,-0.055695,-0.104340
0.229266,0.044019,-0.109215,0.222336,-0.270396,-0.064405,-0.109890
0.219619,0.030302,-0.096370,0.204614,-0.256952,-0.050841,-0.102704
0.229384,0.053955,-0.106682,0.223700,-0.279214,-0.061092,-0.102797
0.226041,0.040835,-0.103470,0.215728,-0.267138,-0.057874,-0.104885
0.226056,0.041997,-0.103547,0.215909,-0.268184,-0.057721,-0.104821
0.220946,0.037656,-0.097490,0.210440,-0.263392,-0.051709,-0.103020
0.223564,0.031108,-0.100135,0.205887,-0.259235,-0.053244,-0.101206
0.232660,0.049800,-0.111625,0.225197,-0.275820,-0.065777,-0.108090
0.220664,0.030947,-0.097183,0.206732,-0.257347,-0.051398,-0.104154
0.224624,0.039050,-0.102800,0.214565,-0.265592,-0.057530,-0.105762
0.225159,0.044931,-0.101622,0.217016,-0.269968,-0.056193,-0.104345
0.226263,0.035776,-0.104846,0.213802,-0.262759,-0.059726,-0.107066
0.194153,-0.016206,-0.062372,0.157911,-0.213777,-0.010403,-0.089898
0.202078,0.004682,-0.070237,0.174915,-0.231290,-0.020278,-0.092475
0.219527,0.028519,-0.095530,0.204585,-0.255047,-0.049282,-0.104261
0.219792,0.028594,-0.095498,0.202413,-0.255642,-0.048656,-0.101484
0.202762,-0.002148,-0.074299,0.173662,-0.226682,-0.024907,-0.095809
0.219948,0.028927,-0.097319,0.206242,-0.255635,-0.052235,-0.105501
0.214983,0.026150,-0.089981,0.200383,-0.251947,-0.043669,-0.102769
0.207472,0.010984,-0.079557,0.184124,-0.238830,-0.030950,-0.095721
0.227058,0.037955,-0.106456,0.216656,-0.264533,-0.061699,-0.109072
0.218809,0.031371,-0.093815,0.202262,-0.258696,-0.046422,-0.098138
0.201162,-0.001193,-0.072817,0.174020,-0.226971,-0.024097,-0.096581
0.213818,0.018373,-0.087246,0.193150,-0.245420,-0.039904,-0.099797
0.225943,0.035796,-0.105197,0.213957,-0.263283,-0.059780,-0.106969
0.221036,0.030568,-0.097690,0.205222,-0.257608,-0.052050,-0.102287
0.230601,0.052598,-0.109533,0.224709,-0.278033,-0.064785,-0.105907
0.222945,0.035653,-0.101332,0.213001,-0.261373,-0.056740,-0.108253
0.211470,0.016552,-0.086315,0.190692,-0.244411,-0.039566,-0.098757
0.210163,0.014925,-0.084447,0.190435,-0.242119,-0.037505,-0.100669
0.216530,0.031587,-0.090726,0.203270,-0.257133,-0.044158,-0.100687
0.230500,0.043618,-0.109629,0.218245,-0.271644,-0.063201,-0.103461
0.218152,0.031024,-0.093819,0.204905,-0.256958,-0.047704,-0.103021
0.222985,0.044438,-0.098569,0.215441,-0.268739,-0.052793,-0.104105
0.222672,0.039609,-0.098963,0.210828,-0.265410,-0.052947,-0.102022
0.220868,0.025347,-0.097786,0.201674,-0.253666,-0.051082,-0.101925
0.223807,0.045342,-0.098383,0.214608,-0.269457,-0.052172,-0.102081
0.211363,0.023183,-0.082585,0.193779,-0.248014,-0.035166,-0.098878
0.222156,0.034699,-0.098179,0.208137,-0.260868,-0.051785,-0.103089
0.207005,0.009446,-0.079551,0.183574,-0.237228,-0.030704,-0.097028

0.100850,0.015622,-0.048424,0.112523,-0.132961,-0.025547,-0.053236
0.103111,0.019914,-0.051080,0.116428,-0.137960,-0.027400,-0.052102
0.101956,0.016564,-0.049700,0.112447,-0.135562,-0.025517,-0.050294
0.105929,0.026155,-0.055557,0.123696,-0.144353,-0.032297,-0.054295
0.095195,0.008144,-0.039022,0.101972,-0.124519,-0.015300,-0.048897
0.102725,0.020642,-0.051333,0.118195,-0.138143,-0.028520,-0.054166
0.096627,0.008145,-0.041996,0.103352,-0.126067,-0.018183,-0.049287
0.089338,-0.006274,-0.030497,0.086445,-0.111085,-0.004571,-0.044657
0.102479,0.018251,-0.050347,0.114939,-0.136209,-0.026768,-0.052394
0.104608,0.021175,-0.054303,0.120490,-0.139498,-0.030920,-0.055278
0.100516,0.014623,-0.047943,0.111065,-0.132703,-0.024446,-0.051602
0.104879,0.026015,-0.053157,0.121171,-0.143977,-0.029351,-0.051563
0.103332,0.019701,-0.051487,0.116890,-0.137821,-0.027810,-0.052585
0.103364,0.020292,-0.051409,0.116748,-0.138001,-0.027791,-0.052439
0.101085,0.018177,-0.048492,0.114032,-0.135724,-0.024892,-0.051677
0.102284,0.015008,-0.049870,0.111778,-0.134006,-0.025570,-0.050808
0.106234,0.024043,-0.055364,0.121617,-0.141847,-0.031636,-0.054044
0.100923,0.014934,-0.048303,0.112124,-0.132802,-0.024712,-0.052282
0.102699,0.018859,-0.051051,0.116077,-0.136729,-0.027701,-0.052963
0.102929,0.021687,-0.050512,0.117444,-0.138944,-0.027047,-0.052282
0.103404,0.017234,-0.052200,0.116030,-0.135879,-0.028655,-0.053804
0.089232,-0.007862,-0.030967,0.085778,-0.110181,-0.005026,-0.044978
0.092847,0.002280,-0.034782,0.094550,-0.118671,-0.009819,-0.045948
0.100439,0.013796,-0.047378,0.110673,-0.131236,-0.023749,-0.052115
0.100633,0.013836,-0.047407,0.109575,-0.131640,-0.023445,-0.050746
0.093022,-0.001040,-0.036883,0.094311,-0.116917,-0.012011,-0.047996
0.100584,0.013950,-0.048383,0.111919,-0.132006,-0.025109,-0.053021
0.098383,0.012626,-0.044696,0.108683,-0.129872,-0.021021,-0.051581
0.095138,0.005313,-0.039590,0.100019,-0.123281,-0.014910,-0.047994
0.103660,0.018278,-0.052887,0.117463,-0.136545,-0.029622,-0.054838
0.100233,0.015186,-0.046598,0.109479,-0.133110,-0.022385,-0.049066
0.092312,-0.000578,-0.036172,0.094492,-0.117015,-0.011632,-0.048398
0.097935,0.008889,-0.043325,0.104747,-0.126536,-0.019217,-0.049966
0.103215,0.017237,-0.052334,0.116080,-0.135992,-0.028706,-0.053806
0.101170,0.014744,-0.048678,0.111465,-0.133225,-0.025003,-0.051392
0.105364,0.025323,-0.054564,0.121799,-0.143509,-0.031095,-0.053223
0.101848,0.017177,-0.050346,0.115499,-0.134853,-0.027265,-0.054424
0.096947,0.007993,-0.043022,0.103699,-0.126425,-0.019036,-0.049641
0.096256,0.007209,-0.041984,0.103394,-0.124896,-0.018070,-0.050552
0.099105,0.015261,-0.045095,0.110144,-0.132378,-0.021276,-0.050464
0.105329,0.021016,-0.054560,0.118378,-0.140323,-0.030332,-0.052011
0.099795,0.014978,-0.046603,0.111080,-0.132415,-0.022959,-0.051691
0.102012,0.021513,-0.048868,0.116271,-0.137877,-0.025473,-0.051927
0.101866,0.019121,-0.049215,0.114231,-0.136729,-0.025485,-0.051167
0.101083,0.012225,-0.048709,0.109586,-0.131257,-0.024528,-0.051220
0.102378,0.021909,-0.048865,0.116124,-0.138628,-0.025111,-0.051084
0.096917,0.011262,-0.040901,0.104635,-0.127189,-0.017008,-0.049186
0.101651,0.016786,-0.048707,0.112567,-0.134201,-0.024950,-0.051521
0.094891,0.004569,-0.039532,0.099655,-0.122305,-0.014802,-0.048648

