0.079885
0.021230
0.033728
0.821347
-0.857822
0.347522
-0.056359
0.435097
0.723794
-0.038049
0.021847
-0.401890
0.032786
0.471040
-0.024941
-0.401275
-0.420692
0.037054
-0.810270
-0.030339
0.726500
-0.810468
0.020485
-0.042957
0.540952
-0.339707
0.076938
0.131802
-0.879466
-0.012067
-1.065936
0.353512
0.420992
0.064949
-0.045268
-0.201557
0.062759
0.036029
-0.050800
-1.595243
0.063476
-0.020382
-0.423807
-0.810482
0.032806
0.051519
0.700763
-0.046978
0.063500

0.049556
0.014649
0.023214
0.470203
-0.669778
0.305807
-0.042623
0.370777
0.492729
-0.029846
0.015073
-0.356164
0.022574
0.395027
-0.019812
-0.355667
-0.371222
0.025502
-0.643687
-0.024162
0.492425
-0.643796
0.014138
-0.034407
0.436752
-0.276248
0.047885
0.089790
-0.681331
-0.008393
-0.768868
0.310522
0.360850
0.041587
-0.035879
-0.165778
0.040664
0.024801
-0.040641
-0.908878
0.040891
-0.016149
-0.373685
-0.643804
0.022587
0.035616
0.488416
-0.037322
0.040973

-0.055991
0.025356
0.014319
-0.511405
0.679109
-0.314561
0.084782
-0.379913
-0.535962
0.046377
0.024736
0.381455
0.014961
-0.403821
-0.035619
0.381026
0.393524
0.011647
0.659005
-0.030404
-0.535561
0.659038
0.026066
-0.017734
-0.452466
0.313065
-0.052529
-0.068987
0.702251
0.055001
0.811926
-0.318038
-0.371126
-0.048317
0.046732
0.157230
-0.052731
0.012543
0.045646
1.029254
-0.060972
-0.040097
0.395499
0.659040
0.014943
-0.001276
-0.532071
0.060055
-0.051163

-0.050225
0.022518
0.012712
-0.410073
0.544098
-0.276324
0.075858
-0.327558
-0.431635
0.041722
0.021967
0.328117
0.013282
-0.345528
-0.032575
0.327775
0.337736
0.010339
0.531248
-0.027812
-0.431956
0.531267
0.023149
-0.016238
-0.380519
0.280914
-0.047118
-0.060962
0.559157
0.048891
0.624305
-0.279125
-0.320835
-0.043386
0.042106
0.143853
-0.047388
0.011135
0.041187
0.727641
-0.054850
-0.036658
0.339298
0.531268
0.013267
-0.001132
-0.429496
0.053982
-0.045966

