-0.391434,0.465246,0.229418,0.026838,-0.481288,-0.567158,-0.070160,-0.369106,-0.516155
-0.004211,0.031032,0.003251,0.123791,-0.014145,-0.002933,0.083868,0.067176,-0.007390
0.016516,-0.067456,-0.223923,0.011839,0.040732,0.077101,-0.238710,0.047471,0.086443
-0.027766,0.043325,0.165609,-0.362554,-0.042029,0.008110,0.219785,0.121205,0.009472
-0.396056,0.513713,0.356355,0.127378,-0.540226,-0.602610,0.248678,-0.416764,-0.575748
-0.393753,0.637711,0.290586,0.620767,-0.700303,-0.674164,0.393172,-0.547007,-0.702950
0.388911,-0.407219,-0.458789,-0.235611,0.402823,0.588890,-0.180142,0.700073,0.568810
0.055025,0.020231,0.144913,-0.059784,0.009228,-0.010896,-0.030093,-0.002984,0.001915
0.381292,-0.376693,-0.317486,-0.330647,0.356925,0.559356,-0.162289,0.663029,0.540391
0.058493,-0.041368,0.128565,-0.482675,0.098048,0.062174,-0.112809,0.138472,0.077528
-0.022320,0.015864,-0.131122,0.490122,0.027787,0.013810,0.021370,0.017673,0.002972
-0.393845,0.502144,0.189843,0.102650,-0.523237,-0.579092,0.157717,-0.354909,-0.553551
0.005391,-0.040652,-0.075194,-0.262058,0.121676,0.051529,-0.193300,0.189243,0.063062
0.130579,-0.400119,-0.805743,-0.063651,0.465167,0.539140,-0.502601,0.710073,0.540477
0.529075,-0.124906,-0.428586,0.650983,-0.037691,0.331569,-0.020933,0.453117,0.245285
0.222102,-0.545258,-0.804737,-0.106334,0.667400,0.660610,-0.673400,0.769300,0.692531
-0.373003,0.461284,0.222691,0.152575,-0.489771,-0.550282,0.139892,-0.361395,-0.540413
-0.043824,-0.085993,-0.008290,-0.263708,0.167806,0.102986,-0.200783,0.173761,0.079045
0.044620,-0.073690,-0.190923,0.006143,0.165120,0.076975,-0.319873,0.090926,0.104521
-0.510185,0.366626,-0.029509,-0.032664,-0.462127,-0.474030,-0.065585,-0.004396,-0.400876
-0.038180,-0.077840,-0.051486,-0.331827,0.136406,0.094233,-0.259926,0.174810,0.080442
0.006620,-0.024112,-0.050327,-0.280113,0.076435,0.044160,-0.098918,0.163225,0.061594
0.001533,-0.014545,-0.074830,-0.274283,0.091487,0.037832,-0.132637,0.184480,0.055609
0.417469,-0.486346,-0.592599,-0.005256,0.488686,0.639190,-0.406689,0.653850,0.603244
-0.044988,0.144668,0.146291,-0.076306,-0.120918,-0.116596,0.088457,-0.013585,-0.107208
0.381566,-0.398458,-0.374264,-0.384593,0.378893,0.575508,-0.216420,0.675599,0.559183
0.042271,0.013255,0.056084,-0.101628,0.038678,0.013036,0.028919,0.047473,0.030426
0.043233,0.006066,0.089275,-0.286618,0.038754,0.016075,0.050493,0.097664,0.039827
0.414132,-0.452230,-0.474281,-0.232107,0.453019,0.622270,-0.274894,0.711038,0.584983
-0.004895,-0.091310,-0.265614,-0.172824,0.186978,0.083544,-0.600325,0.175716,0.109241
0.007231,0.025253,0.026618,-0.183748,0.040265,0.017356,0.145270,0.125978,0.037051
0.386337,-0.465079,-0.533053,-0.372535,0.488541,0.625462,-0.520097,0.707596,0.614110
-0.418544,0.461732,0.070015,0.410567,-0.565663,-0.565911,0.063370,-0.407196,-0.542054
0.560072,-0.255351,-0.327090,-0.117692,0.072539,0.469264,-0.049579,0.595701,0.391006
-0.007268,-0.109672,-0.354683,-0.088921,0.254468,0.098412,-0.637713,0.217716,0.137140
-0.427791,0.442070,-0.040533,0.166908,-0.548683,-0.548189,-0.119352,-0.324291,-0.516547
-0.153962,0.454336,0.037446,0.334360,-0.547816,-0.519236,0.067751,-0.396724,-0.514041
-0.402796,0.474468,0.093956,0.161453,-0.510298,-0.549507,0.139661,-0.328962,-0.517686
-0.062667,0.100162,-0.217336,0.242311,-0.118698,-0.080862,-0.213555,-0.017946,-0.087288
-0.549003,0.503229,0.026310,0.650126,-0.640977,-0.544029,0.254134,-0.197441,-0.514930
-0.390235,0.575075,0.171541,0.466090,-0.607364,-0.632475,0.189034,-0.522660,-0.619212
-0.004926,0.000472,0.020056,0.170248,-0.017170,0.004734,-0.025498,-0.008108,-0.003338
0.001418,-0.066820,-0.157261,0.266883,0.136659,0.111727,0.079848,0.131548,0.117013
-0.061488,0.105113,-0.155835,0.200351,-0.117730,-0.093925,-0.261429,-0.003401,-0.107325
-0.046776,-0.027459,-0.099393,-0.017051,0.082996,0.044891,-0.260495,0.041808,0.047200
-0.403299,0.531890,0.164135,0.472519,-0.591454,-0.605051,0.167977,-0.496685,-0.593820
0.049962,-0.017198,0.123126,-0.139551,0.040400,0.036670,0.030990,0.042490,0.032380
-0.005981,-0.032873,-0.143296,-0.125627,0.090741,0.053256,-0.122406,0.157762,0.068603
0.050395,0.036435,0.184997,-0.261716,0.015259,-0.015228,0.089079,0.045455,0.012196

-0.350387,0.396957,0.137263,0.021600,-0.359415,-0.486174,-0.038892,-0.243161,-0.443513
-0.002984,0.028072,0.001762,0.104054,-0.013521,-0.002785,0.063305,0.033032,-0.007117
0.015228,-0.064150,-0.207776,0.008716,0.022983,0.075213,-0.221909,0.044712,0.083213
-0.024564,0.038832,0.151756,-0.247472,-0.020283,0.007768,0.200184,0.112548,0.008807
-0.354998,0.434477,0.222049,0.099550,-0.380558,-0.510533,0.133833,-0.267895,-0.484642
-0.364608,0.546384,0.223532,0.435460,-0.439653,-0.574275,0.249775,-0.392904,-0.587136
0.338458,-0.322271,-0.354861,-0.123637,0.272589,0.480854,-0.139812,0.513802,0.470237
0.041650,0.017332,0.103156,-0.050345,0.007581,-0.010327,-0.024899,-0.002441,0.001783
0.329681,-0.288550,-0.250938,-0.171461,0.233077,0.454462,-0.124155,0.496419,0.442472
0.042660,-0.032972,0.085452,-0.377256,0.078456,0.057868,-0.090765,0.113346,0.070171
-0.015958,0.014702,-0.074034,0.384250,0.026845,0.013224,0.016579,0.008220,0.002886
-0.355323,0.430814,0.121076,0.080659,-0.381583,-0.497582,0.088264,-0.233755,-0.474019
0.003644,-0.035494,-0.035825,-0.218455,0.116024,0.048343,-0.140987,0.092023,0.060139
0.120027,-0.355220,-0.450346,-0.037958,0.408166,0.465023,-0.342553,0.361785,0.480424
0.470880,-0.115921,-0.390935,0.302154,-0.012317,0.309858,-0.019176,0.414954,0.226809
0.193767,-0.442072,-0.449448,-0.061919,0.545767,0.531128,-0.427452,0.377067,0.573712
-0.336948,0.399587,0.143127,0.119470,-0.363434,-0.476569,0.078952,-0.234163,-0.463802
-0.032869,-0.074540,-0.006711,-0.188660,0.139259,0.095450,-0.172617,0.121584,0.073683
0.032939,-0.063844,-0.130851,0.005199,0.144156,0.072951,-0.257062,0.070453,0.097926
-0.433671,0.329877,-0.011782,-0.026487,-0.411627,-0.418028,-0.028861,-0.001409,-0.366850
-0.029392,-0.068341,-0.041166,-0.236829,0.113841,0.087902,-0.221808,0.124301,0.075505
0.004512,-0.021014,-0.024812,-0.231547,0.072667,0.041415,-0.072979,0.082632,0.058631
0.001059,-0.012775,-0.036574,-0.227541,0.087165,0.035597,-0.097903,0.092521,0.053110
0.363742,-0.394815,-0.452534,-0.002906,0.339914,0.523708,-0.315188,0.493479,0.503571
-0.039121,0.129844,0.135201,-0.054738,-0.063382,-0.111320,0.081788,-0.012559,-0.099613
0.329478,-0.302804,-0.288196,-0.197814,0.251349,0.464441,-0.163774,0.501288,0.455609
0.031987,0.011335,0.040080,-0.084608,0.031948,0.012340,0.023843,0.038426,0.028299
0.032005,0.005011,0.061045,-0.232400,0.031580,0.015071,0.040804,0.078506,0.036544
0.357713,-0.353584,-0.366594,-0.123443,0.305492,0.502819,-0.212276,0.521286,0.481154
-0.003356,-0.080900,-0.123874,-0.147720,0.178312,0.078876,-0.408577,0.089140,0.104595
0.004915,0.022016,0.013757,-0.152173,0.038176,0.016258,0.105990,0.062171,0.035232
0.333073,-0.354008,-0.383743,-0.200771,0.341735,0.500596,-0.371008,0.513766,0.498669
-0.377708,0.413381,0.045573,0.311260,-0.444884,-0.495207,0.037605,-0.241392,-0.477370
0.490123,-0.221334,-0.297472,-0.061931,0.023953,0.416227,-0.043916,0.519235,0.341814
-0.004942,-0.097475,-0.163459,-0.076456,0.241372,0.092923,-0.429615,0.105257,0.131220
-0.386030,0.397333,-0.024004,0.134287,-0.441889,-0.482525,-0.069111,-0.195644,-0.459409
-0.150408,0.412761,0.032212,0.256034,-0.259792,-0.468879,0.051586,-0.349847,-0.456786
-0.360784,0.412211,0.058523,0.126019,-0.394342,-0.476571,0.076813,-0.199212,-0.450765
-0.049936,0.094776,-0.118284,0.205566,-0.114002,-0.078332,-0.167740,-0.009889,-0.085360
-0.473501,0.451775,0.013348,0.459094,-0.541027,-0.480487,0.123694,-0.062081,-0.464369
-0.358478,0.497089,0.127694,0.344103,-0.408966,-0.543170,0.120701,-0.370817,-0.528331
-0.004480,0.000446,0.018997,0.123063,-0.009316,0.004611,-0.024075,-0.007598,-0.003200
0.000920,-0.058790,-0.090721,0.216387,0.129472,0.104439,0.060955,0.064878,0.110905
-0.048531,0.099195,-0.081550,0.171958,-0.113316,-0.090808,-0.201598,-0.001810,-0.104787
-0.038368,-0.025242,-0.085627,-0.012654,0.067122,0.042871,-0.229997,0.033054,0.045048
-0.366757,0.465043,0.116463,0.348789,-0.426598,-0.522810,0.103203,-0.327019,-0.511078
0.037765,-0.014580,0.088340,-0.115977,0.032666,0.034642,0.025617,0.034948,0.029971
-0.004059,-0.029113,-0.070233,-0.105948,0.086964,0.050129,-0.090679,0.074815,0.065654
0.037218,0.029953,0.126031,-0.213571,0.012314,-0.014265,0.071685,0.036678,0.011167

-0.781243,-0.809749,0.266331,-0.766160,-0.646148,-0.561627,-0.301398,0.456171,0.825099
-0.101323,-0.135449,-0.029045,-0.123485,-0.152002,-0.205075,0.006164,-0.091932,0.211636
0.156633,0.214079,-0.347705,0.160441,0.217022,0.204293,0.330937,-0.307082,0.223833
-0.150142,-0.199874,-0.176660,-0.223947,-0.182577,-0.615864,0.267419,-0.349616,0.457361
-0.923368,-0.934440,0.245350,-0.936969,-0.925221,-0.799846,-0.266664,0.324865,0.901385
-1.177616,-1.128899,0.489173,-1.036606,-1.331444,-0.801338,-0.585377,0.686368,1.108443
0.228434,0.473104,-1.006729,0.221020,0.295815,0.233737,1.035547,-0.970798,-0.376060
-0.001774,-0.074523,-0.062487,-0.090449,0.026229,-0.263481,0.057121,-0.088816,0.153200
0.209375,0.400994,-0.954740,0.167679,0.289654,0.090894,0.975004,-0.934648,-0.278409
0.116500,0.058711,-0.457246,-0.029486,0.169239,-0.507678,0.482368,-0.500206,0.146633
-0.003954,-0.038969,-0.046786,-0.005598,-0.046223,-0.103871,-0.034756,-0.014225,0.027453
-0.908316,-0.905911,0.279730,-0.898255,-0.923616,-0.681516,-0.292069,0.377002,0.817832
0.127186,0.111532,-0.424335,0.037297,0.146863,-0.239337,0.452550,-0.442137,0.007455
0.344316,0.746515,-1.157650,0.400737,0.459756,0.544154,1.172831,-0.992731,-0.485289
0.152074,0.295927,-0.590738,0.259152,0.070256,0.182005,0.261089,-0.373508,0.280606
0.388556,0.845214,-1.241192,0.545488,0.571522,0.826566,1.361969,-1.100936,-0.647584
-0.862634,-0.870464,0.265828,-0.862961,-0.871593,-0.641925,-0.305377,0.344383,0.791789
0.159624,0.136225,-0.451562,0.034735,0.182086,-0.278167,0.410547,-0.455000,0.026705
0.320384,0.338864,-0.415516,0.278510,0.393385,0.121217,0.326262,-0.239777,-0.038106
-0.783371,-0.748908,0.137868,-0.730054,-0.671324,-0.481761,-0.098273,0.160658,0.488903
0.149005,0.157217,-0.458580,0.056666,0.198649,-0.185711,0.447135,-0.450401,0.147248
0.091188,0.076500,-0.357665,0.029965,0.102663,-0.246789,0.377988,-0.381831,0.051371
0.075691,0.052877,-0.377412,-0.004667,0.085122,-0.286303,0.411207,-0.411552,0.029481
0.276628,0.596764,-0.992183,0.349026,0.391233,0.665335,0.973037,-0.936725,-0.432277
-0.445749,-0.507244,0.270600,-0.422834,-0.422455,-0.526016,-0.181331,0.122089,0.632535
0.221406,0.430680,-0.995683,0.194028,0.295980,0.105428,1.034757,-0.964190,-0.311363
0.007619,-0.069707,-0.191363,-0.089059,-0.007254,-0.439588,0.183861,-0.223902,0.138849
0.009781,-0.053352,-0.246583,-0.094121,-0.001453,-0.455206,0.277241,-0.306701,0.167287
0.229231,0.491007,-1.008866,0.243639,0.309408,0.367386,1.034656,-0.987502,-0.368469
0.298379,0.363520,-0.495644,0.302709,0.393530,0.304915,0.497706,-0.402251,-0.144217
-0.035661,-0.086367,-0.337609,-0.122625,-0.062980,-0.560187,0.351536,-0.403872,0.130183
0.278201,0.557545,-1.106179,0.271423,0.392211,0.346421,1.193508,-1.033408,-0.466904
-0.835850,-0.830740,0.282723,-0.792726,-0.747993,-0.346338,-0.357109,0.483488,0.901003
0.103115,0.305080,-0.820423,0.156635,0.096810,0.146954,0.715877,-0.751432,0.105221
0.379644,0.496602,-0.615288,0.482453,0.495982,0.454950,0.614653,-0.462389,-0.202803
-0.843740,-0.816078,0.306170,-0.773573,-0.777614,-0.336768,-0.357376,0.441168,0.931147
-1.105773,-1.066389,0.593142,-0.961854,-1.114211,-0.650469,-0.530614,0.588520,0.683303
-0.792332,-0.803787,0.124341,-0.793053,-0.744239,-0.692625,-0.201864,0.324465,0.782990
-0.353173,-0.343945,0.262226,-0.291826,-0.385991,-0.053680,-0.281638,0.194081,0.343908
-0.861624,-0.831988,0.233802,-0.782020,-0.802180,-0.327608,-0.360403,0.409058,0.881848
-1.110437,-1.088264,0.647599,-1.004185,-1.156578,-0.683648,-0.614496,0.651952,1.021613
-0.026664,-0.062969,0.053704,-0.061450,-0.021663,-0.109988,-0.033396,-0.059776,0.366714
0.276519,0.293123,-0.405414,0.237911,0.246092,-0.075972,0.277103,-0.282154,-0.067653
-0.341009,-0.345972,0.248788,-0.288103,-0.338499,-0.046019,-0.265358,0.206324,0.382245
0.068763,0.075567,-0.094013,0.049537,0.153613,0.080572,0.127366,-0.175863,0.226507
-0.983333,-0.977609,0.461006,-0.940436,-1.014341,-0.599967,-0.490119,0.574542,1.011578
0.045534,-0.011691,-0.199944,-0.067301,0.041104,-0.336006,0.204690,-0.273950,0.206968
0.138645,0.147129,-0.338911,0.111136,0.151085,-0.061816,0.338258,-0.322048,0.010968
-0.051784,-0.150482,-0.187843,-0.170488,-0.051437,-0.617004,0.219262,-0.276922,0.236534

-0.618613,-0.605203,0.024578,-0.600940,-0.523133,-0.310680,-0.035473,0.155018,0.594038
-0.061473,-0.081431,-0.019266,-0.077373,-0.081801,-0.113166,0.003977,-0.078170,0.180375
0.097884,0.154347,-0.251060,0.125630,0.107364,0.195855,0.236629,-0.224802,0.059103
-0.107848,-0.150767,-0.072478,-0.186380,-0.099292,-0.536914,0.113030,-0.169804,0.178938
-0.703207,-0.686244,0.011039,-0.703552,-0.687142,-0.498521,-0.017011,0.070398,0.616394
-0.820748,-0.799630,0.011233,-0.770223,-0.855877,-0.622599,-0.020620,0.091036,0.646396
0.013798,0.057074,-0.739714,0.026603,0.018494,0.173815,0.739789,-0.709357,-0.105212
-0.001006,-0.042850,-0.033268,-0.053421,0.013665,-0.173509,0.030457,-0.060847,0.094043
0.015334,0.056146,-0.704701,0.024289,0.020943,0.072253,0.699294,-0.673483,-0.072805
0.040170,0.021898,-0.288990,-0.012408,0.049648,-0.321805,0.293995,-0.350396,0.092580
-0.002473,-0.024821,-0.031947,-0.003636,-0.026613,-0.054924,-0.023039,-0.012425,0.024394
-0.691978,-0.666778,0.019107,-0.680406,-0.680321,-0.411233,-0.026711,0.112110,0.590894
0.045178,0.042645,-0.324578,0.016007,0.042900,-0.130312,0.331976,-0.373128,0.006351
0.020323,0.078476,-0.807492,0.043884,0.028949,0.298499,0.804897,-0.743608,-0.251757
0.061507,0.182892,-0.466596,0.179423,0.019077,0.178042,0.217774,-0.300517,0.056437
0.011580,0.052009,-0.838515,0.033305,0.018567,0.395868,0.864165,-0.790176,-0.309911
-0.666987,-0.646173,0.018130,-0.658879,-0.653765,-0.380340,-0.027659,0.099948,0.571001
0.056151,0.054578,-0.296558,0.015074,0.058443,-0.193348,0.265819,-0.323808,0.014246
0.104466,0.126707,-0.326807,0.106335,0.118064,0.059818,0.253680,-0.211072,-0.029215
-0.598019,-0.542478,0.032768,-0.564680,-0.500825,-0.229493,-0.025859,0.105760,0.434767
0.051733,0.061896,-0.318914,0.024399,0.062365,-0.129371,0.303105,-0.335364,0.079124
0.035701,0.031354,-0.269650,0.013651,0.033160,-0.134239,0.274177,-0.323483,0.043669
0.028758,0.021181,-0.283905,-0.002098,0.026521,-0.154531,0.296449,-0.346310,0.025219
0.012758,0.060213,-0.744425,0.030716,0.021602,0.407129,0.728973,-0.706974,-0.084212
-0.351057,-0.403239,0.077768,-0.365996,-0.276693,-0.474653,-0.057946,0.050967,0.258003
0.013756,0.052266,-0.729428,0.024418,0.018596,0.081429,0.731814,-0.696929,-0.086615
0.003823,-0.035942,-0.109962,-0.048341,-0.003273,-0.268422,0.104412,-0.161814,0.096248
0.004537,-0.025330,-0.147730,-0.048265,-0.000586,-0.281620,0.162437,-0.222465,0.115502
0.011354,0.051141,-0.744845,0.024458,0.016671,0.261612,0.744959,-0.719464,-0.089641
0.084289,0.119721,-0.412050,0.108876,0.093655,0.156920,0.402180,-0.358462,-0.117348
-0.016402,-0.039828,-0.212728,-0.063309,-0.024010,-0.293794,0.214368,-0.317153,0.113356
0.009882,0.042209,-0.788903,0.020865,0.014940,0.224150,0.808881,-0.751138,-0.155610
-0.661533,-0.638042,0.027771,-0.627926,-0.604097,-0.164980,-0.043462,0.205982,0.662301
0.021544,0.119798,-0.630664,0.072930,0.013146,0.143079,0.560719,-0.562196,0.016873
0.091473,0.144143,-0.499494,0.149508,0.101236,0.214344,0.486494,-0.408644,-0.166276
-0.656311,-0.615790,0.048665,-0.608739,-0.605872,-0.158708,-0.065435,0.237480,0.682594
-0.781504,-0.760230,0.049711,-0.728730,-0.759355,-0.544718,-0.061039,0.154997,0.408290
-0.626249,-0.604039,0.011422,-0.618250,-0.581309,-0.344550,-0.023246,0.126328,0.606793
-0.241842,-0.233430,0.171843,-0.205027,-0.241582,-0.030171,-0.178670,0.164764,0.276632
-0.680586,-0.648541,0.027380,-0.630879,-0.639830,-0.148754,-0.049469,0.221786,0.680781
-0.792318,-0.775611,0.019875,-0.750734,-0.795948,-0.531363,-0.029343,0.100859,0.602681
-0.020634,-0.051917,0.027402,-0.053552,-0.013971,-0.106916,-0.017458,-0.036130,0.135627
0.117404,0.134757,-0.298207,0.112226,0.094685,-0.037060,0.203008,-0.247170,-0.059536
-0.232661,-0.231249,0.167272,-0.201020,-0.211127,-0.024447,-0.172004,0.177672,0.315734
0.037962,0.046994,-0.059639,0.032545,0.074470,0.070945,0.080607,-0.118755,0.075586
-0.739523,-0.724371,0.018724,-0.716480,-0.742056,-0.420325,-0.028906,0.115815,0.632903
0.023250,-0.006187,-0.111158,-0.037386,0.018989,-0.230470,0.112976,-0.186519,0.123407
0.056009,0.063022,-0.263238,0.051713,0.051469,-0.032845,0.254327,-0.281498,0.009469
-0.026954,-0.078155,-0.093212,-0.096019,-0.023424,-0.389416,0.108580,-0.178741,0.154956

