0.005644,-0.004203,-0.053391,-0.002703,0.032204,-0.007982,-0.052400
0.007321,0.003146,-0.219078,-0.006806,0.029648,0.001766,-0.081941
0.655727,-0.620945,-0.253146,0.422014,-0.508826,-0.552875,0.144083
-0.005015,0.040974,0.256376,-0.023574,0.013621,0.029282,0.156822
-0.618021,0.764919,0.341433,-0.631172,0.204417,0.728353,0.629527
-0.545315,0.978797,0.506988,-0.943299,0.418380,1.185742,0.217988
0.539519,-0.536886,0.351378,0.315753,-0.478440,-0.457052,0.163660
0.346883,-0.362115,-0.049932,0.400407,-0.795465,-0.429462,-0.188512
0.090511,-0.062046,-0.323549,0.060015,-0.144713,-0.079624,-0.080950
0.159774,-0.186514,-0.101011,0.180259,-0.267421,-0.227941,0.158779
0.016235,0.012843,-0.074688,-0.023038,-0.030972,0.020658,-0.023475
0.155988,-0.166845,0.049860,0.165332,-0.391432,-0.212884,-0.213886
-0.029947,0.002552,0.014446,0.000979,0.177563,0.001523,0.006622
0.491599,-0.572490,-0.236814,0.534243,-0.658235,-0.626597,-0.407898
0.038823,-0.059246,-0.291288,0.048371,-0.054198,-0.046804,0.005543
0.389075,-0.459780,-0.123441,0.498686,-0.742024,-0.554622,-0.452035
0.642902,-0.614300,-0.074387,0.420340,-0.479489,-0.551894,0.165838
0.089302,-0.049426,0.221398,0.057574,-0.159142,-0.067422,-0.019179
0.055888,-0.020021,-0.171676,0.027355,-0.013082,-0.028562,-0.001586
0.461532,-0.547248,-0.184133,0.490197,-0.407790,-0.592735,-0.287382
-0.634894,0.803981,0.313984,-0.732622,0.379326,0.849740,0.531651
0.400356,-0.468722,-0.096505,0.507027,-0.801639,-0.564196,-0.463937
0.491377,-0.661020,-0.335861,0.770224,-1.264606,-0.860730,-0.809230
0.442389,-0.540445,-0.371873,0.589800,-1.009715,-0.657771,-0.592934
0.083397,-0.089199,-0.347592,0.084989,-0.209462,-0.083188,0.014399
0.475460,-0.557243,-0.094164,0.512743,-0.513746,-0.605255,-0.246705
-0.081927,0.193220,0.354829,-0.226889,0.059842,0.239500,0.482629
0.436512,-0.529083,0.061579,0.486142,-0.579901,-0.584891,-0.221295
0.627052,-0.604428,0.056686,0.409392,-0.445229,-0.543482,0.165464
0.503071,-0.582515,-0.442980,0.541048,-0.791418,-0.637644,-0.431891
0.037841,0.001453,-0.217133,0.002869,0.006433,-0.008214,0.011445
-0.004183,-0.010978,-0.226266,0.007582,0.160560,-0.004350,-0.009633
0.013733,-0.007981,-0.196011,0.002762,0.086049,-0.007986,-0.052083
0.118175,-0.135403,-0.216507,0.129652,-0.177119,-0.176059,-0.167275
0.385468,-0.467709,-0.175649,0.507390,-0.707142,-0.566245,-0.472330
0.280278,-0.268155,-0.005040,0.317360,-0.928706,-0.324636,0.117818
0.515918,-0.597186,0.022436,0.535362,-0.604043,-0.632418,-0.226540
-0.625527,0.623531,0.226215,-0.449538,0.052687,0.502057,0.565549
0.478095,-0.559162,-0.269496,0.516529,-0.681682,-0.611556,-0.330113
-0.617139,0.781488,0.105071,-0.701296,0.380799,0.828217,0.531062
0.628838,-0.608024,0.149063,0.418810,-0.499751,-0.549510,0.188427
0.460667,-0.542391,-0.232130,0.504489,-0.619178,-0.599853,-0.353510
-0.568242,0.999617,0.684386,-0.966273,0.405063,1.201832,0.225636
-0.548607,0.982910,0.557822,-0.947919,0.402254,1.187982,0.219841
0.465373,-0.548561,-0.330913,0.534355,-0.691851,-0.626617,-0.491265
0.486188,-0.546304,-0.257038,0.535010,-0.674727,-0.615094,-0.334034
-0.548946,0.979548,0.531143,-0.941800,0.419621,1.183637,0.220185
-0.026675,-0.006350,0.095761,-0.001521,-0.000054,-0.005800,-0.011665
-0.122820,-0.002145,0.326775,-0.034466,-0.031785,0.086127,-0.114692

0.004941,-0.004051,-0.045742,-0.002601,0.012481,-0.007671,-0.035726
0.005908,0.002973,-0.182913,-0.006448,0.010196,0.001661,-0.063248
0.571012,-0.536750,-0.047208,0.362264,-0.429498,-0.475234,0.000538
-0.004055,0.039140,0.215112,-0.023158,0.006499,0.028427,0.135829
-0.524172,0.598925,0.233554,-0.547523,0.151819,0.587809,0.499224
-0.496816,0.750745,0.382814,-0.722184,0.315744,0.823165,0.002624
0.489756,-0.480017,0.062546,0.279568,-0.413595,-0.409859,0.000564
0.066453,-0.116859,-0.004895,0.362489,-0.603038,-0.269757,-0.179529
0.046460,-0.054712,-0.263699,0.058634,-0.063508,-0.074814,-0.078507
0.157036,-0.183055,-0.073140,0.174428,-0.246787,-0.220623,0.001359
0.011339,0.011837,-0.062693,-0.022035,-0.011475,0.019308,-0.021036
0.059289,-0.137298,0.042300,0.160179,-0.176507,-0.194902,-0.207367
-0.019650,0.002197,0.008195,0.000899,0.156907,0.001281,0.003734
0.281930,-0.316949,-0.027865,0.436230,-0.515402,-0.397972,-0.210041
0.038273,-0.058452,-0.198249,0.045251,-0.049562,-0.045113,0.000049
0.096062,-0.159768,-0.012481,0.428653,-0.569195,-0.323340,-0.393766
0.563351,-0.534913,-0.014242,0.365244,-0.411353,-0.479386,0.000532
0.046763,-0.043933,0.184547,0.056480,-0.074421,-0.063909,-0.018665
0.043110,-0.018890,-0.145327,0.026603,-0.005375,-0.027308,-0.001367
0.304461,-0.333269,-0.020818,0.387381,-0.337506,-0.373665,-0.110119
-0.548556,0.635249,0.216337,-0.603228,0.256781,0.652021,0.349395
0.095866,-0.160581,-0.009965,0.437411,-0.603448,-0.332823,-0.404741
0.058815,-0.121088,-0.036171,0.575314,-0.774083,-0.343758,-0.643386
0.080971,-0.148901,-0.038325,0.492004,-0.696651,-0.349730,-0.504944
0.082150,-0.087959,-0.237899,0.080464,-0.190458,-0.080500,0.000122
0.323409,-0.353147,-0.011128,0.416602,-0.420415,-0.404391,-0.095005
-0.040548,0.170048,0.279793,-0.219767,0.026255,0.223715,0.440771
0.325952,-0.368964,0.007571,0.413810,-0.473599,-0.430104,-0.076708
0.552881,-0.529048,0.010784,0.357448,-0.386738,-0.474894,0.000505
0.269557,-0.305375,-0.051453,0.444898,-0.588261,-0.399143,-0.235553
0.021872,0.001310,-0.178632,0.002799,0.002672,-0.007747,0.011015
-0.002427,-0.008982,-0.122322,0.006628,0.137018,-0.003336,-0.005665
0.011898,-0.007664,-0.165189,0.002632,0.030251,-0.007610,-0.035065
0.062892,-0.118651,-0.180645,0.125268,-0.076133,-0.162961,-0.159632
0.098088,-0.162736,-0.017528,0.430761,-0.546995,-0.321484,-0.405732
0.035884,-0.071556,-0.000478,0.296654,-0.670450,-0.208786,0.115397
0.419364,-0.444044,0.003119,0.442365,-0.491245,-0.472549,-0.034481
-0.479171,0.472780,0.151618,-0.413593,0.039578,0.425678,0.500915
0.290007,-0.325654,-0.032022,0.429755,-0.529990,-0.404513,-0.163532
-0.534398,0.618533,0.073942,-0.580359,0.248925,0.633189,0.356322
0.554564,-0.533048,0.028985,0.370120,-0.430776,-0.482927,0.000527
0.240231,-0.276672,-0.025245,0.399655,-0.481347,-0.348708,-0.202305
-0.513908,0.759888,0.488391,-0.734623,0.313712,0.829235,0.002486
-0.499303,0.752630,0.415508,-0.725338,0.307695,0.824349,0.002549
0.116292,-0.161054,-0.031382,0.386387,-0.510403,-0.250799,-0.384880
0.226037,-0.268329,-0.028705,0.443778,-0.524912,-0.378094,-0.228831
-0.499550,0.751112,0.398124,-0.721647,0.317179,0.822638,0.002596
-0.018476,-0.005572,0.055698,-0.001422,-0.000049,-0.005045,-0.006203
-0.115110,-0.002072,0.203826,-0.032327,-0.029286,0.081054,-0.009218

0.004477,-0.023397,-0.058994,0.048036,-0.003221,0.024878,-0.017229
-0.026647,-0.041720,-0.027513,0.025098,0.028686,0.043969,0.006739
0.070665,-0.944881,0.300589,-0.206927,-0.012625,0.952718,-0.011169
0.255371,0.180483,-0.316007,0.266843,-0.248760,-0.171771,-0.293164
0.871256,0.333901,-0.867799,0.904923,-0.893181,-0.192658,-0.856665
1.429907,1.036254,-1.168590,1.232872,-1.337556,-0.899710,-1.633203
0.102080,-0.931633,0.250685,-0.228856,-0.008842,0.933225,-0.117141
-0.203515,-1.228123,0.368649,-0.387322,0.278634,1.222614,0.256265
-0.179986,-0.487946,0.118014,-0.139588,0.187231,0.495144,0.150301
-0.142590,-0.861163,0.184890,-0.237541,0.169511,0.875245,0.085003
0.022777,-0.077180,-0.115736,0.084179,-0.017530,0.069427,-0.023534
-0.317626,-1.103489,0.274343,-0.356747,0.359011,1.101442,0.292240
0.139792,0.146761,-0.127074,0.126934,-0.134724,-0.128493,-0.104842
-0.205885,-1.118765,0.426050,-0.367773,0.251298,1.122482,0.238064
-0.103170,-0.381691,0.028632,-0.042709,0.073925,0.405428,0.062041
-0.260632,-1.311341,0.481800,-0.449965,0.321792,1.309272,0.308783
0.069596,-0.945103,0.293636,-0.211926,-0.011125,0.954204,-0.018132
-0.105612,-0.336935,-0.048973,-0.045508,0.106881,0.334036,0.051967
-0.038962,-0.194125,-0.044653,0.011437,0.031980,0.198944,-0.010606
-0.206534,-0.957525,0.368087,-0.335028,0.236633,0.961389,0.226842
0.950876,0.618524,-0.907270,0.952646,-0.947453,-0.422546,-0.943857
-0.255371,-1.319809,0.488866,-0.452286,0.319653,1.317965,0.303829
-0.216502,-1.631486,0.596222,-0.491455,0.303282,1.622834,0.276585
-0.241404,-1.473926,0.535189,-0.469056,0.314337,1.472363,0.294372
-0.158491,-0.625588,0.086480,-0.118269,0.136852,0.643179,0.102618
-0.188101,-0.970355,0.372809,-0.337200,0.217841,0.984816,0.199110
0.834097,0.394499,-0.642281,0.696715,-0.780647,-0.356752,-0.789442
-0.118617,-0.928896,0.344609,-0.301084,0.165840,0.931308,0.163310
0.070808,-0.941649,0.290989,-0.219865,-0.007651,0.951513,-0.026229
-0.200804,-1.189902,0.436086,-0.369356,0.252864,1.190407,0.247083
0.014536,-0.043232,-0.042994,0.047213,-0.012105,0.045682,-0.022854
0.069858,0.035250,-0.061637,0.078485,-0.069365,-0.028052,-0.055098
-0.021652,-0.068991,-0.032845,0.030881,0.016790,0.069498,-0.003733
-0.317157,-0.952982,0.235686,-0.302825,0.344179,0.958389,0.293347
-0.269871,-1.317884,0.489658,-0.456515,0.330915,1.315220,0.308092
-0.163709,-1.029651,0.154644,-0.237334,0.229362,1.022318,0.173281
0.050542,-0.872422,0.355920,-0.239812,0.019013,0.862157,0.033868
0.827764,0.321969,-0.791001,0.855974,-0.845507,-0.241359,-0.756522
-0.199718,-1.134190,0.409029,-0.364190,0.246175,1.138821,0.239384
0.934685,0.592230,-0.867140,0.933678,-0.941157,-0.408627,-0.929880
0.073468,-0.944211,0.281179,-0.217449,-0.010481,0.953996,-0.035071
-0.297247,-1.220055,0.420423,-0.422808,0.346475,1.221497,0.313748
1.465688,1.047006,-1.190670,1.241897,-1.355133,-0.908806,-1.700473
1.434813,1.037621,-1.175961,1.235035,-1.339760,-0.901442,-1.640123
-0.325481,-1.516555,0.482343,-0.487634,0.398220,1.507490,0.366116
-0.250047,-1.285198,0.436682,-0.421250,0.300096,1.287467,0.276629
1.438043,1.038663,-1.171598,1.234529,-1.342820,-0.901939,-1.642019
0.082536,0.038150,-0.100285,0.085948,-0.078357,-0.028579,-0.062353
0.357914,0.406172,-0.210654,0.225155,-0.292040,-0.390834,-0.650989

0.001470,-0.010750,-0.036347,0.024600,-0.001225,0.011001,-0.006351
-0.007861,-0.022074,-0.015580,0.011457,0.009521,0.022347,0.002217
0.000499,-0.712026,0.158500,-0.024514,-0.000204,0.723626,-0.000078
0.143653,0.072738,-0.222453,0.169713,-0.142029,-0.064698,-0.160580
0.700308,0.003392,-0.668115,0.705526,-0.709426,-0.000923,-0.691744
0.890697,0.002209,-0.812715,0.837024,-0.869134,-0.000784,-0.923751
0.001771,-0.687140,0.168011,-0.045420,-0.000308,0.698923,-0.001604
-0.008129,-0.794695,0.145852,-0.062188,0.015789,0.802576,0.011685
-0.031931,-0.333761,0.058035,-0.045700,0.037158,0.335758,0.028597
-0.015889,-0.522435,0.138394,-0.096352,0.027125,0.530261,0.007412
0.008600,-0.043490,-0.070273,0.041228,-0.006800,0.037542,-0.008882
-0.030761,-0.683598,0.129020,-0.087862,0.042181,0.694755,0.029541
0.057698,0.046340,-0.087240,0.076114,-0.063629,-0.037398,-0.046833
-0.001914,-0.778970,0.120150,-0.032251,0.004700,0.789519,0.003402
-0.030150,-0.177622,0.022752,-0.024256,0.025695,0.172428,0.014539
-0.004470,-0.834013,0.145205,-0.044401,0.008724,0.841645,0.006531
0.000530,-0.710549,0.160486,-0.026530,-0.000193,0.723124,-0.000133
-0.033183,-0.215296,-0.031155,-0.021224,0.035547,0.213423,0.015618
-0.011041,-0.113698,-0.025371,0.005069,0.010054,0.113450,-0.003246
-0.002888,-0.693207,0.123792,-0.041124,0.006780,0.709365,0.004993
0.738498,0.003011,-0.688029,0.729343,-0.735498,-0.000974,-0.734505
-0.004006,-0.839101,0.144261,-0.042306,0.007997,0.846254,0.005893
-0.001548,-0.913599,0.128844,-0.025914,0.003543,0.916529,0.002428
-0.002538,-0.882111,0.135881,-0.032703,0.005314,0.887325,0.003799
-0.031543,-0.339767,0.065920,-0.057870,0.034814,0.333530,0.016600
-0.002071,-0.710180,0.122391,-0.036809,0.005092,0.728556,0.003473
0.621151,0.064975,-0.488452,0.518514,-0.579424,-0.045308,-0.581298
-0.001241,-0.693847,0.121915,-0.034003,0.003797,0.706632,0.002631
0.000617,-0.706038,0.165397,-0.029877,-0.000149,0.719595,-0.000213
-0.001695,-0.807897,0.117788,-0.029027,0.004173,0.815642,0.003090
0.004740,-0.025305,-0.025033,0.021648,-0.004159,0.025666,-0.007665
0.023963,0.013148,-0.038703,0.042312,-0.028000,-0.009772,-0.021586
-0.006336,-0.033098,-0.019143,0.014757,0.005761,0.031983,-0.001260
-0.033115,-0.607564,0.103797,-0.075549,0.042918,0.615997,0.033652
-0.004522,-0.835195,0.144995,-0.044301,0.008782,0.842809,0.006410
-0.016852,-0.702774,0.081576,-0.064790,0.029527,0.708447,0.018721
0.000417,-0.675224,0.162079,-0.028301,0.000356,0.678809,0.000331
0.673805,0.010396,-0.613761,0.666868,-0.678430,-0.004164,-0.630684
-0.001929,-0.784329,0.119676,-0.032835,0.004760,0.795098,0.003508
0.730473,0.003699,-0.661741,0.717755,-0.731548,-0.001208,-0.727298
0.000598,-0.710072,0.160795,-0.028723,-0.000192,0.723019,-0.000264
-0.004236,-0.805613,0.127842,-0.042740,0.008764,0.816058,0.006271
0.898007,0.001931,-0.821548,0.840678,-0.873697,-0.000681,-0.933157
0.891747,0.002161,-0.815557,0.837906,-0.869758,-0.000768,-0.924830
-0.007199,-0.870910,0.148767,-0.052199,0.012937,0.878343,0.009550
-0.003028,-0.830303,0.126255,-0.038144,0.006481,0.839330,0.004627
0.892378,0.002175,-0.813969,0.837649,-0.870446,-0.000771,-0.925038
0.032130,0.014270,-0.071015,0.051091,-0.035444,-0.010063,-0.025542
0.230653,0.101980,-0.189921,0.176588,-0.194575,-0.080818,-0.294626

