-0.144621,-0.018356,-0.180739,-0.036691,-0.049087
-0.140932,0.059448,-0.285179,-0.076653,0.026064
-0.132352,-0.070193,-0.154664,0.033683,0.037126
-0.149128,-0.015496,-0.189796,-0.046397,-0.053079
-0.121052,-0.072157,-0.127364,0.061715,0.019389
-0.120561,-0.036712,-0.153354,0.039866,-0.003402
-0.132595,0.011542,-0.239295,-0.021371,0.011909
-0.132254,0.024018,-0.229281,-0.024534,0.004006
-0.148374,-0.021877,-0.183792,-0.044822,-0.036663
-0.130355,-0.018985,-0.205618,0.005269,-0.000132
-0.122531,-0.070626,-0.131145,0.057998,0.016359
-0.135973,-0.095683,-0.129984,0.042834,0.020043
-0.126957,-0.105212,-0.106354,0.073576,0.021587
-0.157946,0.023768,-0.239542,-0.089751,-0.027938
-0.138274,-0.100484,-0.114230,0.041532,0.008463
-0.152309,0.002932,-0.220094,-0.068420,-0.030011
-0.133740,0.008421,-0.236280,-0.022082,0.009014
-0.126965,-0.007179,-0.194628,0.008919,-0.033480
-0.134935,-0.024010,-0.189232,0.000926,-0.003051
-0.141935,0.010485,-0.221266,-0.042159,-0.036380
-0.147779,-0.028322,-0.166889,-0.036967,-0.049216
-0.133496,0.021970,-0.240252,-0.026714,0.039197
-0.141838,0.069526,-0.290505,-0.082186,0.014562
-0.131636,-0.004440,-0.200985,-0.006743,-0.029694
-0.142510,-0.082417,-0.127855,0.012930,-0.014145
-0.121760,-0.006566,-0.188100,0.016917,-0.023569
-0.137719,-0.049759,-0.159205,0.011578,-0.010999
-0.149435,-0.021315,-0.179115,-0.044491,-0.064647
-0.142490,0.042139,-0.249237,-0.067385,-0.000267
-0.137456,-0.026505,-0.172026,-0.011912,-0.049763
-0.151993,-0.007648,-0.198263,-0.061655,-0.033709
-0.142027,0.007106,-0.215611,-0.043550,-0.034642
-0.144551,-0.002506,-0.211383,-0.051810,-0.003697
-0.144391,-0.017489,-0.188692,-0.029272,-0.052788
-0.127485,-0.080984,-0.125669,0.053991,0.005660
-0.159492,-0.021146,-0.189920,-0.070659,-0.056150
-0.147810,0.085224,-0.314841,-0.100077,0.010286
-0.134318,-0.082863,-0.127804,0.041024,0.001908
-0.141937,-0.049605,-0.173916,-0.007193,0.008936
-0.122092,-0.030973,-0.170118,0.033948,-0.013407
-0.142845,0.084563,-0.320114,-0.096421,0.037044
-0.138209,-0.056822,-0.158841,0.011036,0.001006
-0.156199,-0.009153,-0.202598,-0.064381,-0.062302
-0.134723,-0.020460,-0.189535,-0.000044,-0.029713
-0.135840,-0.002172,-0.197828,-0.025443,-0.016283
-0.136521,-0.041554,-0.163391,-0.000974,-0.030457
-0.139701,0.084373,-0.312170,-0.083338,0.015635
-0.126774,-0.040865,-0.160323,0.031129,-0.014569
-0.145217,-0.018171,-0.190197,-0.040301,-0.035163

-0.070615,-0.009516,-0.101950,-0.018733,-0.023623
-0.066225,0.031955,-0.156857,-0.042031,0.013058
-0.061001,-0.036784,-0.080869,0.017844,0.018039
-0.072785,-0.008033,-0.106956,-0.023681,-0.025541
-0.059507,-0.038248,-0.068976,0.031881,0.009845
-0.059341,-0.019480,-0.082906,0.020590,-0.001727
-0.065300,0.006129,-0.128116,-0.011038,0.006037
-0.062135,0.012920,-0.127163,-0.013476,0.002009
-0.072403,-0.011342,-0.103644,-0.022890,-0.017650
-0.064148,-0.010081,-0.110550,0.002723,-0.000067
-0.060229,-0.037438,-0.071004,0.029963,0.008307
-0.062588,-0.050053,-0.068088,0.022688,0.009748
-0.058477,-0.055017,-0.055790,0.038932,0.010499
-0.077109,0.012321,-0.134179,-0.045710,-0.013441
-0.063617,-0.052523,-0.059901,0.021990,0.004118
-0.074351,0.001521,-0.123595,-0.034908,-0.014441
-0.065849,0.004472,-0.126554,-0.011405,0.004570
-0.062531,-0.003810,-0.104798,0.004605,-0.016975
-0.066351,-0.012741,-0.101941,0.000478,-0.001548
-0.069825,0.005562,-0.118786,-0.021744,-0.018445
-0.072100,-0.014674,-0.094270,-0.018873,-0.023695
-0.062702,0.011824,-0.133031,-0.014682,0.019645
-0.066679,0.037348,-0.159647,-0.045024,0.007296
-0.064800,-0.002356,-0.108147,-0.003481,-0.015059
-0.065576,-0.043108,-0.067005,0.006845,-0.006882
-0.059998,-0.003485,-0.101358,0.008734,-0.011952
-0.067636,-0.026378,-0.086015,0.005982,-0.005586
-0.072920,-0.011045,-0.101051,-0.022703,-0.031100
-0.066905,0.022647,-0.137872,-0.036944,-0.000134
-0.067161,-0.013744,-0.097111,-0.006086,-0.023944
-0.074176,-0.003965,-0.111632,-0.031452,-0.016227
-0.069858,0.003769,-0.115835,-0.022460,-0.017567
-0.070615,-0.001300,-0.118826,-0.026462,-0.001779
-0.070944,-0.009273,-0.101681,-0.015101,-0.026772
-0.058767,-0.042401,-0.065859,0.028575,0.002752
-0.077723,-0.010956,-0.107033,-0.036028,-0.027025
-0.069481,0.045743,-0.172278,-0.054757,0.005152
-0.061863,-0.043367,-0.066970,0.021719,0.000928
-0.065396,-0.026001,-0.090803,-0.003809,0.004343
-0.060112,-0.016440,-0.091817,0.017532,-0.006802
-0.067177,0.045409,-0.174983,-0.052798,0.018544
-0.063693,-0.029777,-0.083046,0.005844,0.000489
-0.076192,-0.004745,-0.114013,-0.032836,-0.029963
-0.066267,-0.010856,-0.102101,-0.000023,-0.015074
-0.066437,-0.001127,-0.111384,-0.013002,-0.007835
-0.066669,-0.021547,-0.092305,-0.000498,-0.014664
-0.065733,0.045307,-0.170891,-0.045656,0.007829
-0.062362,-0.021679,-0.086609,0.016078,-0.007395
-0.070898,-0.009422,-0.107173,-0.020582,-0.016927

0.080372,-0.022243,0.194763,-0.078017,0.287250
0.079434,-0.027713,0.192317,-0.071386,0.299461
0.081663,-0.021005,0.197651,-0.081049,0.286342
0.079102,-0.024112,0.192688,-0.074357,0.291675
0.083287,-0.015188,0.202011,-0.089947,0.275108
0.083172,-0.015549,0.201243,-0.088768,0.275338
0.079567,-0.026402,0.193039,-0.073368,0.296928
0.080445,-0.021565,0.195302,-0.079331,0.285921
0.079841,-0.023127,0.194173,-0.076630,0.289741
0.079439,-0.024816,0.193681,-0.075450,0.294122
0.082763,-0.015964,0.201106,-0.088500,0.276754
0.080680,-0.020952,0.196762,-0.080038,0.287099
0.082322,-0.016307,0.200137,-0.087705,0.276317
0.078313,-0.027506,0.190403,-0.068388,0.299047
0.081340,-0.018826,0.197972,-0.082286,0.282369
0.078804,-0.026859,0.191582,-0.071166,0.297704
0.079435,-0.026563,0.192844,-0.072973,0.297442
0.080175,-0.021002,0.195175,-0.080277,0.284696
0.079917,-0.022153,0.194938,-0.077715,0.288723
0.078940,-0.025205,0.192179,-0.073284,0.293905
0.080612,-0.020977,0.195546,-0.078744,0.285317
0.080589,-0.023022,0.195310,-0.077323,0.290160
0.078922,-0.027370,0.191580,-0.071188,0.297974
0.080259,-0.022463,0.194738,-0.078162,0.288010
0.081051,-0.020078,0.196997,-0.080740,0.284340
0.081689,-0.018950,0.197932,-0.084171,0.280921
0.080365,-0.020680,0.195993,-0.079017,0.286329
0.079366,-0.023241,0.193068,-0.075970,0.288877
0.080144,-0.023891,0.193963,-0.075784,0.290476
0.080247,-0.021006,0.195195,-0.080205,0.284465
0.079710,-0.024012,0.193596,-0.074593,0.291877
0.079567,-0.024727,0.193187,-0.074235,0.293229
0.080277,-0.024564,0.194865,-0.075742,0.294074
0.078664,-0.023752,0.192670,-0.074545,0.291704
0.082169,-0.017171,0.199442,-0.086439,0.277711
0.078583,-0.026134,0.191364,-0.071156,0.296073
0.077321,-0.029849,0.188414,-0.066067,0.302920
0.081329,-0.018681,0.197927,-0.082579,0.282011
0.080459,-0.023638,0.195102,-0.076575,0.291563
0.081518,-0.018673,0.197923,-0.084856,0.280058
0.078592,-0.030420,0.190485,-0.067204,0.305513
0.080563,-0.021185,0.195922,-0.079621,0.286028
0.077473,-0.026323,0.189816,-0.070586,0.295627
0.079307,-0.022518,0.193675,-0.077469,0.287873
0.081239,-0.020908,0.196546,-0.081214,0.284552
0.080270,-0.020817,0.195802,-0.080719,0.285122
0.078176,-0.029104,0.190062,-0.068709,0.301537
0.081197,-0.018483,0.197654,-0.083953,0.280336
0.080042,-0.024042,0.194191,-0.075642,0.292232

0.040137,-0.010554,0.090373,-0.041601,0.144423
0.039521,-0.013129,0.089148,-0.038005,0.150842
0.040890,-0.009961,0.091891,-0.043152,0.143532
0.039488,-0.011442,0.089393,-0.039656,0.146580
0.041754,-0.007202,0.093959,-0.047899,0.138059
0.041646,-0.007374,0.093552,-0.047284,0.138399
0.039709,-0.012520,0.089615,-0.039079,0.149178
0.040136,-0.010222,0.090668,-0.042252,0.144004
0.039860,-0.010971,0.090081,-0.040855,0.145622
0.039707,-0.011774,0.089975,-0.040199,0.147597
0.041485,-0.007571,0.093533,-0.047133,0.138866
0.040436,-0.009941,0.091503,-0.042632,0.143729
0.041311,-0.007737,0.093147,-0.046708,0.138446
0.039000,-0.013043,0.088232,-0.036457,0.150435
0.040776,-0.008932,0.092061,-0.043836,0.141441
0.039287,-0.012740,0.088824,-0.037939,0.149629
0.039645,-0.012597,0.089522,-0.038871,0.149406
0.040086,-0.009966,0.090686,-0.042789,0.143131
0.039950,-0.010508,0.090551,-0.041408,0.144991
0.039389,-0.011958,0.089175,-0.039067,0.147763
0.040267,-0.009952,0.090733,-0.041990,0.143438
0.040194,-0.010908,0.090657,-0.041160,0.146040
0.039256,-0.012967,0.088803,-0.037906,0.150200
0.040104,-0.010658,0.090440,-0.041661,0.144773
0.040586,-0.009527,0.091541,-0.043027,0.142549
0.040853,-0.008990,0.091973,-0.044851,0.141300
0.040212,-0.009811,0.091059,-0.042111,0.143674
0.039631,-0.011030,0.089577,-0.040523,0.145205
0.039914,-0.011321,0.089940,-0.040365,0.146405
0.040113,-0.009969,0.090638,-0.042767,0.142986
0.039761,-0.011388,0.089772,-0.039767,0.146760
0.039704,-0.011730,0.089632,-0.039573,0.147423
0.040043,-0.011647,0.090371,-0.040357,0.147824
0.039296,-0.011273,0.089431,-0.039755,0.146517
0.041194,-0.008146,0.092777,-0.046042,0.139283
0.039203,-0.012401,0.088721,-0.037954,0.148712
0.038422,-0.014143,0.087304,-0.035184,0.152706
0.040758,-0.008864,0.092040,-0.043993,0.141359
0.040226,-0.011211,0.090614,-0.040789,0.146236
0.040804,-0.008859,0.092013,-0.045213,0.140723
0.039051,-0.014408,0.088251,-0.035771,0.153935
0.040312,-0.010049,0.091046,-0.042417,0.143503
0.038648,-0.012493,0.088033,-0.037653,0.148553
0.039648,-0.010686,0.089972,-0.041296,0.144608
0.040562,-0.009914,0.091224,-0.043276,0.143197
0.040144,-0.009878,0.090942,-0.043029,0.143198
0.038869,-0.013790,0.088099,-0.036586,0.151995
0.040649,-0.008769,0.091882,-0.044736,0.140806
0.039961,-0.011406,0.090091,-0.040327,0.146821

