-0.291522
-0.303117
-0.308053
-0.225744
-0.185426
-0.230218
-0.268537
-0.267349
-0.224914
-0.226341
-0.239784
-0.314403
-0.157842
-0.255563
-0.292897
-0.322855
-0.293250
-0.309051
-0.316310
-0.203513
-0.190482
-0.137099
-0.244267
-0.284653
-0.322420
-0.233022
-0.150519
-0.182121
-0.282934
-0.238922
-0.270892
-0.221852
-0.252922
-0.264422
-0.263141
-0.252044
-0.319880
-0.242557
-0.268578
-0.300310
-0.197486
-0.280160
-0.275036
-0.224467
-0.285601
-0.284228
-0.230612
-0.279525
-0.293589

-0.143274
-0.158933
-0.161407
-0.109793
-0.092893
-0.121989
-0.141572
-0.131868
-0.111535
-0.112212
-0.116373
-0.164537
-0.079257
-0.123778
-0.153846
-0.168806
-0.145076
-0.161903
-0.151879
-0.099163
-0.092941
-0.068935
-0.121675
-0.140028
-0.168592
-0.115448
-0.075620
-0.091274
-0.148829
-0.118287
-0.142751
-0.107947
-0.124980
-0.130473
-0.127317
-0.124560
-0.167337
-0.117735
-0.132446
-0.144578
-0.098824
-0.137927
-0.135506
-0.111319
-0.150170
-0.149551
-0.114286
-0.137632
-0.154193

0.197904
0.198995
0.199774
0.197497
0.199128
0.195336
0.196542
0.198684
0.194470
0.195463
0.197958
0.201998
0.192983
0.201316
0.199466
0.198381
0.204306
0.197839
0.203672
0.197744
0.195992
0.192941
0.201454
0.198280
0.200763
0.195419
0.195307
0.195732
0.199708
0.198493
0.197731
0.194461
0.196254
0.196546
0.198233
0.195602
0.200978
0.197029
0.193861
0.202141
0.198406
0.196923
0.195420
0.193976
0.199591
0.199634
0.195079
0.199744
0.197978

0.098831
0.099396
0.099781
0.098563
0.099322
0.097535
0.098164
0.099188
0.097091
0.097577
0.098801
0.100871
0.096300
0.100452
0.099615
0.099117
0.101953
0.098838
0.101659
0.098661
0.097795
0.096258
0.100515
0.099008
0.100278
0.097562
0.097425
0.097665
0.099722
0.099066
0.098746
0.097080
0.097989
0.098143
0.098958
0.097670
0.100380
0.098352
0.096837
0.100898
0.098983
0.098342
0.097604
0.096850
0.099668
0.099687
0.097394
0.099716
0.098890

