-0.045166
0.473626
0.878252
0.876595
0.131424
0.066133
0.798269
-0.247308
0.063675
0.108335
0.122903
0.781962
0.452757
-0.411775
0.071041
0.703347
-0.847872
0.063370
-0.384747
0.025588
0.697376
0.050039
-1.473388
-0.844078
-0.738194
-0.046773
0.078396
-0.023912
0.718149
-0.027296
-0.393348
-0.019129
-0.033124
0.102615
0.741107
0.697623
-0.021920
0.879721
0.103487
0.074882
0.161841
-0.029787
-1.235496
-0.007628
0.701711
-0.038972
-1.521923
-0.846918
0.085652

-0.036014
0.399331
0.506033
0.505582
0.121747
0.045026
0.495958
-0.199644
0.043380
0.065427
0.083497
0.497188
0.385336
-0.363399
0.049168
0.499560
-0.664172
0.043175
-0.341500
0.019148
0.498385
0.034688
-0.886931
-0.662093
-0.600754
-0.037399
0.053170
-0.018752
0.503253
-0.021438
-0.348543
-0.014850
-0.024818
0.062271
0.508706
0.498435
-0.017170
0.506421
0.062786
0.048845
0.108938
-0.023419
-0.828481
-0.005880
0.499314
-0.029934
-0.895997
-0.663649
0.053970

0.060893
-0.410252
-0.535281
-0.534777
-0.132731
0.006352
-0.522653
0.202848
0.008398
-0.063402
-0.040882
-0.525031
-0.395995
0.396983
-0.102640
-0.533801
0.690001
0.008652
0.378999
-0.080438
-0.533622
-0.086523
0.995160
0.689637
0.633115
0.060188
-0.003347
0.039498
-0.537238
0.045387
0.384860
-0.041912
0.075191
-0.073008
-0.542413
-0.533326
0.039006
-0.536198
-0.058573
-0.070754
-0.071950
0.047469
0.899202
-0.052669
-0.534362
0.069493
1.011339
0.689616
-0.058264

0.054925
-0.350809
-0.431261
-0.430934
-0.120397
0.005678
-0.423954
0.183879
0.007507
-0.057007
-0.036491
-0.426013
-0.340089
0.341171
-0.092743
-0.435308
0.549239
0.007734
0.326910
-0.073042
-0.434951
-0.078271
0.707501
0.549058
0.512974
0.054306
-0.002991
0.035634
-0.436237
0.040932
0.331586
-0.038214
0.067536
-0.065712
-0.440089
-0.434906
0.035183
-0.431872
-0.052670
-0.063804
-0.064083
0.042812
0.664832
-0.047983
-0.435413
0.062540
0.714090
0.549003
-0.052464

