0.058431
0.074135
-0.393838
0.059537
0.712958
0.900153
-0.401631
-1.294050
-0.040018
0.000293
0.045387
-0.256153
-0.041682
-0.872355
0.049421
-1.288368
-0.397956
-0.052619
0.059581
-0.804568
0.734758
-1.326207
-1.768396
-1.296014
0.046699
-0.827980
0.043275
-0.883042
-0.394585
-0.881713
-0.056831
-0.053078
0.074489
-0.087445
-1.288467
-1.118748
-0.793979
0.467854
-0.880002
0.710002
-0.397765
-0.881773
0.888626
0.899646
-1.043114
-0.871240
0.887872
-0.053256
-0.028889

0.037291
0.045592
-0.349776
0.037628
0.503693
0.508607
-0.356120
-0.845194
-0.031397
0.000204
0.030526
-0.207060
-0.033097
-0.677300
0.033945
-0.843637
-0.353127
-0.041511
0.037651
-0.640421
0.508866
-0.853736
-0.931319
-0.845731
0.032105
-0.653340
0.031062
-0.682909
-0.350384
-0.682248
-0.044912
-0.042844
0.045800
-0.069794
-0.843664
-0.788907
-0.634161
0.395714
-0.681341
0.503565
-0.352971
-0.682246
0.505916
0.508508
-0.758007
-0.676633
0.505702
-0.043011
-0.022513

-0.039657
-0.042166
0.387662
-0.057190
-0.541328
-0.548781
0.392763
0.915383
-0.027549
0.059948
-0.062234
0.203512
0.056995
0.704632
0.016737
0.914422
0.390437
-0.015227
-0.057161
0.667391
-0.547856
0.927762
1.062328
0.918891
0.019562
0.685761
-0.090195
0.699027
0.388180
0.710128
-0.011098
0.050126
-0.042319
0.019713
0.914530
0.838939
0.666181
-0.408402
0.710069
-0.542616
0.390220
0.698282
-0.545520
-0.548672
0.791119
0.709678
-0.544717
0.048538
0.047947

-0.035592
-0.037788
0.332149
-0.051420
-0.437172
-0.434545
0.336201
0.674631
-0.025140
0.053223
-0.056053
0.184772
0.051198
0.558228
0.014843
0.674199
0.334348
-0.013907
-0.051394
0.534584
-0.439596
0.680462
0.737065
0.676347
0.017350
0.546542
-0.081526
0.554374
0.332559
0.561662
-0.010137
0.045172
-0.037924
0.018030
0.674251
0.636158
0.533987
-0.348530
0.561654
-0.437584
0.334180
0.553905
-0.432523
-0.434479
0.609912
0.561557
-0.431996
0.043754
0.043038

