-0.277831
-0.188417
-0.170878
-0.218306
-0.269887
-0.261600
-0.143739
-0.238653
-0.184062
-0.215561
-0.185947
-0.225414
-0.156835
-0.117532
-0.220216
-0.114816
-0.202757
-0.127317
-0.185885
-0.173664
-0.129000
-0.191764
-0.175965
-0.105012
-0.257989
-0.169237
-0.216127
-0.215463
-0.106396
-0.180885
-0.194304
-0.137395
-0.226014
-0.217127
-0.156962
-0.202773
-0.222214
-0.227651
-0.194963
-0.238760
-0.250209
-0.172630
-0.180526
-0.202925
-0.186234
-0.247199
-0.203300
-0.178113
-0.240025

-0.146282
-0.094188
-0.084161
-0.107027
-0.142269
-0.138067
-0.073173
-0.118638
-0.093404
-0.107446
-0.092975
-0.119535
-0.078607
-0.059924
-0.111378
-0.058547
-0.107790
-0.062873
-0.092940
-0.092590
-0.063699
-0.095831
-0.088062
-0.053565
-0.125855
-0.085992
-0.107728
-0.107405
-0.054268
-0.090485
-0.097077
-0.069972
-0.119838
-0.109854
-0.078670
-0.107799
-0.117909
-0.120689
-0.097399
-0.126410
-0.132255
-0.085012
-0.090308
-0.101296
-0.091565
-0.130717
-0.101468
-0.089120
-0.119299

0.185144
0.185147
0.183577
0.187243
0.187551
0.188387
0.182784
0.184629
0.184842
0.183086
0.184008
0.184250
0.180898
0.180952
0.188427
0.180142
0.184792
0.182063
0.180296
0.182171
0.181138
0.182763
0.181125
0.181438
0.191346
0.183274
0.182891
0.183423
0.181638
0.180196
0.182589
0.180440
0.185825
0.188144
0.177892
0.181152
0.183697
0.184562
0.182025
0.189628
0.187406
0.185189
0.185239
0.182626
0.187247
0.186894
0.185019
0.182788
0.183963

0.092051
0.091949
0.091166
0.092994
0.093213
0.093611
0.090759
0.091746
0.091800
0.090973
0.091393
0.091563
0.089852
0.089843
0.093577
0.089446
0.091803
0.090389
0.089587
0.090499
0.089940
0.090793
0.089981
0.090067
0.095024
0.091023
0.090879
0.091137
0.090165
0.089534
0.090711
0.089613
0.092330
0.093437
0.088389
0.090033
0.091291
0.091717
0.090437
0.094191
0.093123
0.091952
0.091986
0.090737
0.092964
0.092871
0.091901
0.090792
0.091423

