-0.864881
0.065172
-0.022922
-0.042543
-0.863697
-0.843106
0.732657
-0.060229
0.694269
-0.038252
0.082796
-0.782775
0.082408
0.819494
0.124065
0.895792
-0.762314
0.115582
-0.018796
-0.376362
0.089561
0.062796
0.078257
0.748744
-0.204181
0.694638
-0.039688
-0.041357
0.748914
0.063271
0.065434
0.702328
-0.796824
0.417646
0.090239
-0.802643
-1.028775
-0.757105
-0.023855
-0.410100
-0.907442
-0.017212
0.158916
-0.011474
0.066773
-0.852517
-0.036950
0.072014
-0.060051

-0.672373
0.043480
-0.017564
-0.032888
-0.671738
-0.660580
0.513031
-0.047165
0.501944
-0.029363
0.054935
-0.626783
0.054656
0.512276
0.114535
0.524794
-0.614995
0.069498
-0.014172
-0.334993
0.055758
0.041925
0.051994
0.518561
-0.162211
0.502033
-0.030443
-0.031767
0.518616
0.042236
0.043652
0.504138
-0.634783
0.359353
0.059744
-0.638089
-0.751882
-0.611662
-0.016893
-0.362454
-0.694411
-0.013151
0.104516
-0.007993
0.044125
-0.665733
-0.028348
0.047949
-0.047011

0.708755
0.010756
-0.042158
-0.023472
0.708116
0.703483
-0.557428
0.060856
-0.547602
0.059524
-0.003194
0.670416
-0.003091
-0.554440
-0.139411
-0.572731
0.654367
-0.068944
0.042775
0.381786
-0.053441
0.013267
0.000572
-0.563130
0.146455
-0.547784
0.049076
0.049634
-0.563179
0.012868
0.011010
-0.549381
0.661753
-0.381336
-0.009348
0.664503
0.804342
0.655616
0.081720
0.405273
0.724801
-0.047494
-0.066420
0.073565
-0.074985
0.692419
0.055373
0.005057
0.060745

0.557843
0.009605
-0.038399
-0.021405
0.557455
0.554857
-0.451707
0.054934
-0.445683
0.053602
-0.002852
0.534351
-0.002759
-0.446153
-0.126341
-0.456947
0.523987
-0.061941
0.038517
0.327911
-0.048069
0.011849
0.000511
-0.454763
0.133208
-0.445771
0.044263
0.044772
-0.454792
0.011492
0.009832
-0.446812
0.528356
-0.329453
-0.008344
0.530088
0.613173
0.524949
0.073130
0.346349
0.567322
-0.043249
-0.059139
0.065794
-0.067634
0.547556
0.049886
0.004516
0.054833

