0.214367,-0.544621,-0.119082,0.382107,-0.582206,-0.676290
0.196700,0.022398,0.251532,0.051235,-0.000856,-0.053277
0.104525,0.009153,-0.090747,-0.139754,0.029801,0.019365
-0.008889,-0.011824,0.171412,0.207546,-0.036103,-0.075978
0.319996,-0.551395,0.344119,0.502377,-0.633236,-0.737586
0.536300,-0.581275,0.511825,0.489022,-0.699697,-0.828800
-0.225476,0.620739,-0.250805,-0.395791,0.612745,0.616239
0.054378,-0.017667,0.065705,0.186492,-0.018281,-0.077702
-0.230311,0.618095,-0.255395,-0.305964,0.597915,0.601337
-0.224871,0.026184,-0.252884,0.136321,0.042781,-0.002830
0.280891,0.032184,0.280137,-0.037397,0.032754,-0.028322
0.322832,-0.547474,0.246360,0.397041,-0.608341,-0.709925
-0.201934,0.018935,-0.256893,-0.015621,0.064194,0.009214
-0.078576,0.417997,-0.470984,-0.698751,0.605035,0.630823
0.482699,0.620210,0.231263,-0.279077,0.245496,0.114656
-0.186984,0.499315,-0.536657,-0.817842,0.716999,0.759256
0.286077,-0.526722,0.287074,0.363076,-0.600615,-0.704618
-0.237108,0.014948,-0.097562,-0.014858,0.043734,-0.013047
0.062925,0.032566,-0.188378,-0.171966,0.087994,0.029085
0.120698,-0.601731,-0.095038,0.185813,-0.439449,-0.445175
-0.209790,0.001195,-0.188837,-0.020667,0.032135,-0.006947
-0.051704,0.004854,-0.165750,0.031719,0.044985,0.000707
-0.117106,0.008808,-0.223437,0.000321,0.056050,0.002505
-0.188186,0.636202,-0.286365,-0.558109,0.636669,0.646930
0.125088,-0.098248,0.042513,0.205721,-0.138677,-0.191306
-0.242468,0.620631,-0.360053,-0.371162,0.616248,0.627295
0.105134,-0.004628,0.085353,0.100359,0.002530,-0.061210
-0.027008,0.007762,-0.023401,0.133516,0.011739,-0.042508
-0.298418,0.637102,-0.234881,-0.436584,0.620127,0.623447
-0.095400,-0.009666,-0.594678,-0.201225,0.095237,0.062061
0.078729,0.021752,0.138765,0.068346,0.021614,-0.042754
-0.348338,0.636139,-0.646303,-0.544515,0.665133,0.680920
0.396770,-0.544200,0.207344,0.263702,-0.572961,-0.632459
-0.031977,0.689886,-0.051397,-0.203059,0.417075,0.350169
-0.090716,0.005844,-0.565846,-0.347146,0.121724,0.078471
0.292453,-0.551231,-0.098855,0.222726,-0.562177,-0.623628
0.402879,-0.353080,0.158169,0.242305,-0.591314,-0.702840
0.387953,-0.545186,0.277423,0.315692,-0.578569,-0.681689
0.293297,-0.084321,-0.138052,-0.104724,-0.069497,-0.128598
0.553646,-0.609056,0.443883,0.266243,-0.495803,-0.522418
0.518357,-0.548580,0.328486,0.363425,-0.655264,-0.760023
0.094922,-0.016595,0.157438,0.038176,-0.023552,-0.057959
0.244747,0.071154,0.319757,-0.101553,0.118709,0.061372
0.186770,-0.081365,-0.182212,-0.007864,-0.073955,-0.138077
0.031578,-0.049052,-0.120663,-0.010987,0.006615,-0.018745
0.511285,-0.557799,0.311156,0.344693,-0.629207,-0.725934
0.005660,0.011880,0.120215,0.144457,-0.002133,-0.056352
0.033625,0.006711,-0.170765,-0.067746,0.063451,0.028305
-0.044899,-0.004880,0.031565,0.214994,-0.013956,-0.078797

0.138914,-0.489698,-0.040492,0.265132,-0.512568,-0.580661
0.101587,0.020137,0.133603,0.037736,-0.000832,-0.051936
0.086816,0.008998,-0.076165,-0.133480,0.028899,0.018782
-0.007397,-0.011630,0.142880,0.196285,-0.034795,-0.072671
0.195300,-0.493413,0.114035,0.348114,-0.541913,-0.613751
0.327637,-0.516598,0.174499,0.357673,-0.584139,-0.665428
-0.189063,0.536540,-0.196794,-0.349214,0.518984,0.525016
0.042797,-0.017137,0.045302,0.149726,-0.017743,-0.074858
-0.194245,0.535661,-0.201064,-0.275155,0.508262,0.512985
-0.178902,0.025536,-0.171199,0.107603,0.041763,-0.002749
0.140844,0.028627,0.148251,-0.027849,0.031807,-0.027658
0.195881,-0.490393,0.081872,0.282027,-0.527403,-0.599644
-0.112374,0.017539,-0.133730,-0.010718,0.062968,0.009062
-0.054371,0.372072,-0.305624,-0.541515,0.524732,0.549054
0.428134,0.547041,0.204510,-0.264555,0.225240,0.107611
-0.123975,0.427564,-0.335725,-0.595443,0.595758,0.628631
0.175924,-0.474950,0.095436,0.261011,-0.521688,-0.596041
-0.139446,0.014130,-0.070963,-0.013716,0.042365,-0.012659
0.048070,0.031357,-0.124965,-0.136637,0.085716,0.028408
0.044934,-0.516366,-0.019751,0.109402,-0.406004,-0.414286
-0.125346,0.001134,-0.136234,-0.019073,0.031214,-0.006759
-0.028760,0.004464,-0.088285,0.022184,0.044054,0.000694
-0.065638,0.008137,-0.117845,0.000223,0.054948,0.002462
-0.159710,0.547217,-0.224393,-0.471769,0.536763,0.548560
0.103126,-0.096381,0.035761,0.195277,-0.133072,-0.181955
-0.204230,0.537440,-0.277128,-0.328685,0.522762,0.533099
0.081662,-0.004478,0.058450,0.081417,0.002457,-0.059151
-0.021131,0.007521,-0.015995,0.106700,0.011413,-0.041107
-0.248199,0.548077,-0.185012,-0.380992,0.524120,0.529667
-0.055792,-0.008997,-0.288302,-0.138069,0.093605,0.061261
0.041778,0.019706,0.074326,0.049174,0.021053,-0.041730
-0.288818,0.548816,-0.454184,-0.457237,0.560324,0.573974
0.222801,-0.485739,0.065978,0.191263,-0.503550,-0.551365
-0.030419,0.593216,-0.045639,-0.192743,0.372217,0.317103
-0.052713,0.005427,-0.276202,-0.233804,0.119454,0.077466
0.178202,-0.493256,-0.032064,0.159389,-0.499536,-0.547650
0.322436,-0.337247,0.076520,0.198818,-0.516081,-0.594432
0.221565,-0.487112,0.088867,0.227575,-0.506500,-0.582519
0.171755,-0.078629,-0.078299,-0.079811,-0.068191,-0.126277
0.170709,-0.511771,0.093775,0.178310,-0.444753,-0.473008
0.328314,-0.492749,0.121571,0.276686,-0.557065,-0.628825
0.078477,-0.016310,0.131357,0.036673,-0.022748,-0.055791
0.128607,0.063025,0.172473,-0.075388,0.114404,0.059636
0.109336,-0.075977,-0.100729,-0.005860,-0.072579,-0.135387
0.020986,-0.046886,-0.091881,-0.010319,0.006406,-0.018192
0.306094,-0.498043,0.108910,0.258537,-0.540227,-0.609343
0.004496,0.011534,0.083131,0.117027,-0.002069,-0.054290
0.018699,0.006145,-0.091474,-0.048095,0.062122,0.027826
-0.035413,-0.004741,0.021694,0.170311,-0.013556,-0.075865

0.659368,-0.851897,-0.443007,-0.593477,0.898051,0.441607
0.167074,-0.208254,-0.160623,-0.100424,0.173822,0.174497
-0.161142,0.114750,0.141203,0.200431,-0.117098,-0.188037
0.333730,-0.192346,-0.139251,-0.093472,0.360496,0.156478
1.088112,-0.939850,-0.550696,-0.630959,0.984453,0.531386
1.235143,-1.050801,-0.669586,-0.674483,1.031971,0.621520
-0.320647,0.728320,0.884646,0.890470,-0.750950,-0.898633
0.184752,-0.174475,-0.146019,-0.105902,0.263134,0.183067
-0.305516,0.696547,0.822166,0.860509,-0.657117,-0.835931
-0.036976,0.141512,0.171997,0.162626,0.151760,-0.152017
-0.050695,-0.117690,-0.090104,-0.041236,0.030935,0.087925
0.997802,-0.916873,-0.508890,-0.629247,0.924942,0.485625
-0.060027,0.149237,0.255747,0.215392,-0.032578,-0.205179
-0.593640,0.972986,1.094790,1.050836,-1.057110,-1.134613
-0.208902,0.337126,0.104888,0.530569,-0.357301,-0.229762
-0.732227,1.121944,1.388139,1.196853,-1.305764,-1.329434
0.974536,-0.891458,-0.530306,-0.613831,0.914455,0.504485
-0.018354,0.123560,0.101680,0.159769,0.060908,-0.087750
-0.403482,0.119959,0.152779,0.125462,-0.173450,-0.080695
0.650656,-0.720816,-0.319031,-0.457332,0.668043,0.297810
0.002165,0.120674,0.165237,0.162982,0.082466,-0.156217
-0.005082,0.022583,0.091947,0.093424,0.037286,-0.070142
-0.036502,0.080389,0.178203,0.150115,-0.010390,-0.129078
-0.365572,0.766935,0.877124,0.923214,-0.829643,-0.906976
0.648582,-0.486532,-0.422728,-0.307529,0.564214,0.488877
-0.342153,0.733127,0.868759,0.893398,-0.717442,-0.899602
0.071399,-0.156490,-0.120074,-0.088641,0.175998,0.152243
0.073266,-0.074287,-0.024141,-0.021932,0.188224,0.052383
-0.304036,0.754092,0.892858,0.912915,-0.742640,-0.909826
-0.332811,0.264826,0.373023,0.294769,-0.242365,-0.302262
0.052050,-0.116878,-0.048623,-0.022823,0.118132,0.069369
-0.421041,0.871020,1.100473,1.001638,-0.862167,-1.091079
0.718898,-0.839716,-0.433785,-0.589563,0.810504,0.364650
-0.202662,0.436598,0.449724,0.688899,-0.389419,-0.532459
-0.632703,0.388359,0.587070,0.409102,-0.466688,-0.443592
0.723392,-0.826067,-0.427356,-0.581448,0.803929,0.367481
1.148372,-1.005277,-0.664054,-0.680642,0.952653,0.678387
0.750009,-0.867110,-0.461522,-0.612653,0.852009,0.421726
0.307094,-0.402529,-0.286222,-0.240976,0.320864,0.321465
0.653539,-0.792306,-0.419968,-0.521056,0.730941,0.334759
1.227426,-1.024854,-0.712398,-0.691137,0.997075,0.731909
0.180137,-0.128501,-0.129234,-0.035764,0.192839,0.152131
-0.321856,0.141081,0.080575,0.145105,-0.238569,-0.092077
0.290696,-0.388411,-0.234436,-0.223667,0.350958,0.260555
0.075828,-0.002111,-0.030952,0.061660,0.058449,0.091075
1.079793,-0.964409,-0.607436,-0.658615,0.947321,0.597654
0.175021,-0.093198,-0.078923,-0.038401,0.222316,0.106151
-0.138683,0.091947,0.157570,0.145969,-0.090631,-0.135618
0.147514,-0.124958,-0.073264,-0.056087,0.287041,0.121758

0.548419,-0.620915,-0.063213,-0.228878,0.638876,0.047964
0.109495,-0.146193,-0.086049,-0.090805,0.105783,0.104934
-0.103333,0.098643,0.089764,0.131553,-0.106577,-0.107618
0.257291,-0.173980,-0.062923,-0.051955,0.329903,0.058072
0.772533,-0.691401,-0.055827,-0.150108,0.719697,0.035029
0.829113,-0.754464,-0.052406,-0.110730,0.757169,0.028729
-0.024693,0.249454,0.665420,0.674048,-0.252711,-0.679289
0.127171,-0.132785,-0.071952,-0.070278,0.200067,0.082006
-0.025569,0.251981,0.629252,0.648692,-0.251256,-0.641617
-0.018984,0.093678,0.106688,0.130607,0.097655,-0.092959
-0.031977,-0.083058,-0.051110,-0.038060,0.018838,0.056709
0.733935,-0.672612,-0.060733,-0.189649,0.681506,0.040842
-0.029830,0.098717,0.166752,0.202801,-0.018244,-0.151285
-0.041497,0.268295,0.756842,0.772208,-0.192088,-0.788729
-0.108661,0.285289,0.079227,0.382853,-0.321709,-0.169161
-0.031192,0.260789,0.849503,0.826510,-0.186104,-0.852749
0.721963,-0.657262,-0.065025,-0.189236,0.672718,0.043982
-0.009926,0.086478,0.063910,0.121798,0.043021,-0.053013
-0.180615,0.073587,0.104414,0.115737,-0.087350,-0.060038
0.522962,-0.539331,-0.073286,-0.360591,0.476299,0.077691
0.001151,0.083978,0.104375,0.128317,0.057334,-0.096349
-0.002807,0.015457,0.057552,0.087948,0.021672,-0.049450
-0.019147,0.054179,0.114363,0.141786,-0.005914,-0.093719
-0.022637,0.231810,0.669746,0.696466,-0.230012,-0.691368
0.495485,-0.425088,-0.152690,-0.149795,0.496120,0.135545
-0.023400,0.235789,0.659719,0.674665,-0.230280,-0.680825
0.047543,-0.115036,-0.062975,-0.065074,0.126632,0.076504
0.045257,-0.052965,-0.013478,-0.017253,0.128391,0.028784
-0.020547,0.239649,0.671937,0.686633,-0.234456,-0.687116
-0.138425,0.168184,0.260331,0.277019,-0.127024,-0.237417
0.032521,-0.082137,-0.027504,-0.021053,0.071789,0.044232
-0.016719,0.203127,0.770593,0.744309,-0.172002,-0.776240
0.586590,-0.611775,-0.064525,-0.276533,0.583008,0.046591
-0.047638,0.307684,0.369645,0.517463,-0.315461,-0.425251
-0.217151,0.235398,0.401850,0.377899,-0.223678,-0.351141
0.584435,-0.599528,-0.071923,-0.321492,0.567800,0.056964
0.790868,-0.733856,-0.090905,-0.155949,0.724750,0.058424
0.608067,-0.634819,-0.061210,-0.233681,0.623420,0.043621
0.207358,-0.281623,-0.151337,-0.213401,0.198894,0.187882
0.541260,-0.579776,-0.071763,-0.335752,0.515538,0.057998
0.823491,-0.744007,-0.066477,-0.136230,0.742907,0.041348
0.138383,-0.116141,-0.064519,-0.021146,0.180638,0.064798
-0.168014,0.093408,0.050543,0.136344,-0.128300,-0.066101
0.196515,-0.273637,-0.122957,-0.199681,0.218545,0.151928
0.051374,-0.001785,-0.017932,0.039521,0.051921,0.046654
0.771369,-0.707344,-0.064059,-0.158268,0.708723,0.041311
0.116044,-0.070680,-0.040892,-0.026534,0.168669,0.050984
-0.072528,0.062389,0.101963,0.138228,-0.051594,-0.099545
0.097636,-0.093091,-0.037268,-0.038691,0.210965,0.056966

