-0.859264
-0.055070
0.883246
-0.052532
-0.026173
-0.795921
0.615015
0.142819
0.120342
-0.108097
0.082812
-0.404205
-0.025382
0.156539
0.142188
-0.048177
0.082869
-0.843109
-0.022747
-0.551544
0.442932
-1.648719
-1.270981
0.809884
0.096109
0.075684
-0.779693
0.433256
-0.339796
-0.013146
-0.055670
0.604832
-0.020628
0.733602
-0.023289
-1.017675
-0.038072
0.748437
-0.859952
-0.789862
0.739723
0.080326
-0.386309
-0.055763
0.084819
-0.381342
0.644904
0.061173
-0.771405

-0.669075
-0.043490
0.483861
-0.041277
-0.020137
-0.633817
0.470602
0.131371
0.079654
-0.085048
0.049872
-0.355853
-0.019339
0.102908
0.093948
-0.037140
0.049890
-0.660290
-0.017306
-0.469107
0.375831
-0.916115
-0.838563
0.474454
0.055847
0.049769
-0.624614
0.369152
-0.268032
-0.009032
-0.044064
0.466583
-0.015645
0.495151
-0.017722
-0.746450
-0.029416
0.497183
-0.669478
-0.630302
0.496984
0.052806
-0.341444
-0.044157
0.050672
-0.337381
0.480822
0.040382
-0.619823

0.702712
0.070859
-0.509650
0.056961
0.048011
0.670664
-0.491694
-0.141899
-0.030036
0.048683
-0.060758
0.396973
-0.034509
-0.058330
-0.047548
-0.012779
-0.063410
0.679495
-0.037032
0.496878
-0.386479
1.043473
0.914073
-0.498510
-0.064073
0.006528
0.653104
-0.379613
0.299261
0.075678
0.057940
-0.486727
0.044275
-0.528837
-0.036466
0.782456
0.048355
-0.531104
0.689534
0.651975
-0.530490
0.003076
0.385700
0.057833
-0.061607
0.382236
-0.504952
0.018014
0.650307

0.556686
0.064044
-0.416970
0.051552
0.043388
0.536944
-0.409564
-0.128418
-0.026946
0.044462
-0.054875
0.342028
-0.031453
-0.052251
-0.042622
-0.011659
-0.057276
0.542162
-0.033746
0.418147
-0.332971
0.724194
0.669945
-0.409904
-0.057837
0.005861
0.525649
-0.327686
0.266966
0.067996
0.052448
-0.406160
0.040005
-0.432648
-0.033233
0.603044
0.043744
-0.434416
0.548390
0.524826
-0.433784
0.002761
0.333109
0.052352
-0.055640
0.330358
-0.418513
0.016174
0.523890

