-0.249655
-0.233446
-0.167226
-0.184571
-0.275082
-0.229899
-0.187714
-0.305197
-0.250821
-0.220141
-0.217299
-0.198680
-0.248447
-0.268961
-0.209745
-0.228239
-0.330461
-0.262470
-0.237933
-0.246311
-0.234170
-0.259418
-0.372964
-0.312161
-0.281478
-0.283882
-0.236970
-0.256019
-0.216923
-0.265799
-0.239821
-0.226666
-0.305841
-0.213075
-0.195787
-0.193468
-0.246216
-0.151840
-0.202120
-0.231459
-0.228221
-0.260620
-0.311747
-0.221870
-0.215384
-0.303029
-0.361061
-0.309901
-0.233196

-0.122854
-0.115300
-0.083114
-0.091599
-0.135111
-0.113420
-0.093132
-0.147176
-0.123416
-0.107381
-0.107360
-0.098469
-0.122479
-0.140574
-0.102473
-0.112753
-0.170971
-0.128943
-0.124886
-0.119819
-0.115600
-0.125906
-0.191449
-0.162030
-0.146838
-0.139015
-0.116808
-0.125878
-0.107294
-0.130509
-0.125846
-0.110530
-0.149255
-0.104024
-0.097062
-0.095934
-0.121216
-0.075553
-0.098784
-0.112750
-0.112615
-0.128059
-0.161885
-0.108252
-0.106559
-0.147952
-0.185788
-0.160920
-0.113571

0.269214
0.273261
0.270064
0.270807
0.275825
0.270486
0.272469
0.280165
0.271922
0.273274
0.269924
0.272570
0.274883
0.272950
0.272509
0.273623
0.275065
0.274345
0.271905
0.273936
0.273442
0.279029
0.280187
0.275199
0.272493
0.276655
0.272713
0.274126
0.276973
0.272380
0.272048
0.274811
0.276906
0.272307
0.271352
0.268854
0.271557
0.270586
0.274055
0.275283
0.271968
0.273436
0.274229
0.270572
0.272464
0.275117
0.277574
0.273254
0.276372

0.134705
0.136619
0.135003
0.135381
0.137899
0.135288
0.136179
0.140002
0.136002
0.136603
0.135002
0.136243
0.137414
0.136541
0.136225
0.136785
0.137637
0.137175
0.135998
0.136955
0.136707
0.139400
0.140139
0.137675
0.136340
0.138306
0.136362
0.137062
0.138367
0.136241
0.136069
0.137346
0.138454
0.136132
0.135657
0.134459
0.135822
0.135231
0.136952
0.137577
0.135994
0.136738
0.137212
0.135315
0.136215
0.137597
0.138877
0.136743
0.138099

