-0.002755
-0.006767
-0.467272
0.018332
0.890611
1.062887
-0.453870
-1.470258
-0.001438
-0.124225
0.066406
-0.345412
0.001040
-1.004619
-0.015780
-1.501281
-0.467228
-0.040092
0.019391
-0.971006
0.940936
-1.502869
-2.059260
-1.518530
-0.025963
-0.988514
0.102447
-0.972303
-0.467271
-0.975385
-0.002263
0.000235
-0.006594
-0.068786
-1.505703
-1.268561
-0.862704
0.636561
-0.982421
0.927771
-0.463971
-0.990669
1.063500
1.064168
-1.226215
-1.059050
1.063319
0.009787
-0.059888

-0.001708
-0.004110
-0.425294
0.012497
0.555043
0.339449
-0.415214
-0.898433
-0.001298
-0.091619
0.048820
-0.310464
0.000957
-0.758769
-0.012117
-0.904250
-0.425259
-0.036472
0.013240
-0.743832
0.515502
-0.904539
-0.967251
-0.907343
-0.019854
-0.751662
0.083126
-0.744443
-0.425293
-0.745844
-0.002043
0.000216
-0.004017
-0.062818
-0.905052
-0.851461
-0.690391
0.528063
-0.749014
0.528178
-0.422775
-0.752689
0.339943
0.340386
-0.839186
-0.781105
0.339777
0.009042
-0.052782

0.009097
0.034992
0.598918
-0.054357
-0.776786
-0.828880
0.578755
1.375787
0.017769
0.286698
-0.148086
1.063745
0.005022
1.049085
0.065961
1.418449
0.599083
0.138462
-0.057544
0.974447
-0.897501
1.423554
1.813871
1.452072
0.095635
1.016361
-0.231359
0.981735
0.599207
0.991327
0.017612
0.009606
0.032326
0.271837
1.428072
1.279963
0.802977
-0.560134
1.012110
-0.874154
0.592180
1.024913
-0.830252
-0.833654
1.584285
1.124848
-0.829750
-0.030659
0.181915

0.008105
0.030751
0.463067
-0.049753
-0.557683
-0.495822
0.450704
0.861641
0.016856
0.228912
-0.138338
0.763643
0.004463
0.747869
0.052675
0.871882
0.463165
0.131255
-0.052705
0.711772
-0.564412
0.873042
0.934906
0.879314
0.076382
0.732365
-0.210411
0.715622
0.463242
0.720365
0.016703
0.008521
0.028463
0.254465
0.874062
0.834574
0.612842
-0.462587
0.730593
-0.570542
0.458874
0.737283
-0.496302
-0.497683
0.902951
0.780070
-0.496127
-0.027498
0.151684

