0.585914,-0.611271,-0.383596,0.527027,-0.381451,-0.518765,-0.387886
-0.020579,0.027994,0.184326,-0.058037,0.011271,0.026104,0.000168
-1.001620,0.913619,0.410336,-0.423450,0.523844,0.504068,0.808243
-0.048379,0.038153,0.172352,-0.040183,-0.001856,0.051255,-0.004767
-0.026689,0.027331,0.168313,-0.163613,0.023352,0.113650,0.016435
0.555230,-0.567075,-0.187463,0.392156,-0.397608,-0.406164,-0.348063
-0.593131,0.614071,0.648331,-0.444955,0.563230,0.404805,0.803611
-0.445341,0.406918,0.009278,-0.003581,0.511550,0.065149,0.516627
-0.169789,0.115908,0.734536,-0.123069,0.054222,0.082375,0.124885
0.059152,-0.072124,0.142131,0.056049,-0.017421,-0.081662,-0.034960
-0.008417,0.018723,0.173137,-0.086460,-0.010427,0.089164,-0.011865
0.494798,-0.434942,0.083465,0.248014,-0.542416,-0.321074,-0.064313
-0.023394,0.016803,0.090118,0.014272,-0.008675,-0.014712,-0.007309
-0.280340,0.211567,0.910228,-0.206019,0.053947,0.159941,0.165570
-0.178964,0.140147,0.711193,-0.123268,0.047364,0.081129,0.158583
-0.022093,0.021915,0.098768,-0.002909,-0.007477,-0.003818,-0.009503
-0.006653,0.019616,0.223869,-0.099773,-0.008492,0.086122,-0.003122
0.535086,-0.545440,-0.025924,0.253917,-0.385974,-0.344019,-0.323621
-0.067685,0.053347,0.458008,-0.208000,0.014490,0.104565,0.051033
0.571617,-0.527141,0.343874,0.335977,-0.524742,-0.411378,-0.119555
-0.530160,0.519503,0.435475,-0.324247,0.552856,0.305248,0.636019
0.558535,-0.635427,-0.337781,0.642847,-0.276920,-0.639396,-0.460238
0.460994,-0.530255,0.020206,0.396044,-0.227531,-0.471356,-0.356046
-0.922923,0.849581,0.580555,-0.453864,0.552716,0.490869,0.823957
0.049124,-0.045218,-0.268389,0.110366,-0.021666,-0.034813,-0.073577
-0.052424,0.021334,0.240723,-0.129941,0.052224,0.073668,0.028262
0.550600,-0.565775,-0.122162,0.322951,-0.375249,-0.376315,-0.343409
-0.525112,0.512427,0.546412,-0.283657,0.549964,0.279707,0.636196
0.136558,-0.144173,-0.298086,0.353141,-0.047113,-0.237658,-0.192573
0.067909,-0.084701,0.195557,-0.012048,0.061747,-0.047618,-0.008544
-0.053949,0.058745,0.602831,-0.124851,0.020364,0.092311,0.027290
-0.593404,0.615994,0.733274,-0.440678,0.563134,0.393542,0.803422
-0.080331,0.054053,0.327110,-0.017835,-0.020984,0.040040,0.012581
-0.784063,0.768645,0.593625,-0.486922,0.569106,0.531243,0.705905
-0.076600,0.070648,0.725545,-0.106243,0.006008,0.067333,0.051119
0.556543,-0.574654,-0.278799,0.498249,-0.366668,-0.479991,-0.403363
-0.037604,0.038188,0.596749,-0.114060,0.019294,0.065298,0.033013
-0.848728,0.795981,0.633040,-0.449978,0.556215,0.501359,0.746023
0.544823,-0.550735,-0.169127,0.351330,-0.387389,-0.392793,-0.344385
0.514615,-0.494734,0.516133,0.220741,-0.412228,-0.312376,-0.207394
-0.808779,0.795875,0.777834,-0.602857,0.578474,0.602251,0.757869
-0.086071,0.038557,0.330373,-0.055340,0.038391,0.031992,0.036458
0.494203,-0.442096,-0.010699,0.290446,-0.545682,-0.342748,-0.067357
0.022749,-0.014317,-0.045020,-0.010896,0.013504,-0.009655,-0.031954
-0.027736,0.035731,0.422594,-0.227452,0.004224,0.155239,0.037309
0.490383,-0.429297,0.206783,0.209868,-0.539248,-0.296796,-0.053711
-0.657244,0.673132,0.735665,-0.423740,0.554746,0.417211,0.849850
-0.055388,0.031946,0.265171,-0.086003,0.047003,0.052143,0.025023
0.539113,-0.551523,-0.099391,0.287401,-0.376486,-0.345124,-0.334719

0.354455,-0.366404,-0.098440,0.340709,-0.317490,-0.359451,-0.229982
-0.018735,0.025543,0.126455,-0.049685,0.009143,0.023696,0.000131
-0.757808,0.717338,0.304735,-0.311944,0.476107,0.404642,0.337056
-0.044209,0.034895,0.118317,-0.034124,-0.001514,0.046135,-0.003668
-0.024532,0.025126,0.115598,-0.137838,0.019136,0.102358,0.012687
0.393406,-0.393704,-0.051421,0.255257,-0.342178,-0.297240,-0.189969
-0.478221,0.505170,0.427441,-0.393981,0.481611,0.365571,0.627624
-0.348866,0.337078,0.006876,-0.003322,0.434633,0.059553,0.442877
-0.166582,0.113845,0.457673,-0.088216,0.051383,0.072736,0.048389
0.050358,-0.062517,0.114449,0.046377,-0.014201,-0.062623,-0.031646
-0.007881,0.017490,0.140300,-0.066124,-0.009234,0.065064,-0.009884
0.446359,-0.393411,0.026186,0.120899,-0.483363,-0.230469,-0.012678
-0.018701,0.013967,0.072425,0.012275,-0.006736,-0.011788,-0.006851
-0.270944,0.205956,0.528658,-0.144437,0.051321,0.140296,0.062001
-0.175392,0.137362,0.446928,-0.088251,0.044891,0.071551,0.061252
-0.017761,0.018284,0.079348,-0.002497,-0.005826,-0.003053,-0.008896
-0.006239,0.018357,0.180393,-0.076579,-0.007534,0.063615,-0.002604
0.399077,-0.398876,-0.007292,0.171698,-0.337063,-0.264618,-0.177870
-0.056372,0.045770,0.346405,-0.176342,0.011570,0.085379,0.047699
0.498199,-0.459468,0.105097,0.187152,-0.467846,-0.315120,-0.031323
-0.422304,0.430312,0.305404,-0.293450,0.469037,0.277692,0.528165
0.226344,-0.276591,-0.084716,0.450104,-0.215116,-0.459431,-0.340313
0.216216,-0.266240,0.005329,0.306197,-0.182501,-0.374866,-0.276389
-0.722129,0.684860,0.410527,-0.345592,0.497194,0.407583,0.385088
0.044787,-0.041154,-0.212716,0.082968,-0.018672,-0.023301,-0.061184
-0.051853,0.021024,0.171040,-0.091182,0.049362,0.063504,0.010604
0.384187,-0.388180,-0.033645,0.218423,-0.322965,-0.283218,-0.198101
-0.416976,0.424323,0.371465,-0.259159,0.466522,0.256207,0.528847
0.102494,-0.113410,-0.232643,0.285723,-0.035351,-0.174159,-0.176756
0.066688,-0.082682,0.138951,-0.009050,0.057225,-0.041808,-0.003911
-0.050047,0.054543,0.378066,-0.106951,0.016979,0.084928,0.021159
-0.478158,0.506471,0.468735,-0.391144,0.481543,0.357042,0.628165
-0.075316,0.050604,0.221721,-0.014943,-0.017851,0.036193,0.009090
-0.629806,0.623314,0.406702,-0.404749,0.498868,0.449109,0.516726
-0.062772,0.060043,0.502526,-0.092184,0.004757,0.056195,0.048052
0.333845,-0.343751,-0.073124,0.327634,-0.304939,-0.339466,-0.246817
-0.035005,0.035566,0.375893,-0.097443,0.016167,0.060102,0.025233
-0.669066,0.642317,0.429785,-0.374493,0.491804,0.426450,0.520039
0.385814,-0.383393,-0.046352,0.232707,-0.333804,-0.290416,-0.192335
0.429024,-0.409845,0.143960,0.155415,-0.370265,-0.264291,-0.106178
-0.649158,0.643480,0.500903,-0.484176,0.507992,0.503409,0.539142
-0.084981,0.037979,0.231692,-0.039595,0.036302,0.027902,0.013916
0.444592,-0.397438,-0.003337,0.139941,-0.485005,-0.240256,-0.013411
0.020312,-0.012815,-0.030857,-0.009217,0.010660,-0.008542,-0.024822
-0.026373,0.033876,0.328308,-0.172005,0.003809,0.117553,0.030807
0.444324,-0.390644,0.064829,0.103710,-0.481879,-0.219140,-0.010470
-0.526741,0.547984,0.471145,-0.376169,0.478719,0.375453,0.646304
-0.054760,0.031464,0.187825,-0.060962,0.044397,0.045137,0.009512
0.387551,-0.389153,-0.027541,0.194245,-0.326206,-0.262142,-0.189698

-0.387020,-1.196498,0.494791,-0.508322,0.436760,0.791208,0.452295
0.124396,0.180004,-0.094758,0.089022,-0.082651,-0.149463,-0.091782
1.482453,1.000130,-1.267770,1.243618,-1.291429,-1.157902,-1.298524
0.125412,0.155457,-0.150701,0.205588,-0.154206,-0.249428,-0.065234
0.205622,0.306874,-0.250562,0.277849,-0.256720,-0.355949,0.085089
-0.323187,-0.924025,0.415753,-0.448211,0.359178,0.722631,0.177263
0.858636,0.322835,-0.856642,0.873840,-0.875376,-0.865179,-1.293307
0.604257,0.101566,-0.622041,0.702055,-0.662269,-0.677664,-0.414501
0.602509,0.652745,-0.541877,0.588807,-0.559085,-0.605971,-0.805151
-0.155986,-0.141674,0.133601,-0.161920,0.200965,0.134849,-0.150524
0.098613,0.163661,-0.135808,0.153498,-0.125600,-0.217047,0.008390
-0.170580,-0.635427,0.304990,-0.398836,0.254324,0.587182,-0.305520
0.050266,0.037858,-0.041626,0.043900,-0.022059,-0.067566,-0.238534
1.051193,0.923063,-0.828400,0.873176,-0.864171,-0.871424,-1.151031
0.649990,0.686414,-0.577173,0.625642,-0.596426,-0.643046,-1.102564
0.095441,0.060082,-0.069047,0.069252,-0.055812,-0.097629,-0.111429
0.171040,0.223773,-0.162336,0.159424,-0.143680,-0.234766,-0.055643
-0.245955,-0.788281,0.383170,-0.440565,0.306404,0.686507,0.204762
0.406683,0.341607,-0.351843,0.353743,-0.378023,-0.405785,-0.264589
-0.242577,-0.743093,0.407863,-0.486777,0.321372,0.701021,-0.495846
0.807641,0.351665,-0.800943,0.837167,-0.839609,-0.824120,-0.812912
-0.482366,-1.582527,0.634189,-0.634519,0.573631,0.928665,0.613682
-0.527799,-1.187487,0.615107,-0.643874,0.589904,0.873982,0.364655
1.450724,0.971806,-1.246509,1.227105,-1.273286,-1.147969,-1.093397
-0.145467,-0.246447,0.105855,-0.118529,0.147026,0.137423,-0.059908
0.157256,0.213338,-0.214783,0.240557,-0.200006,-0.255895,-0.298282
-0.339136,-0.878636,0.446083,-0.496458,0.403379,0.745732,0.204091
0.748779,0.346542,-0.780962,0.824341,-0.800978,-0.818566,-0.799880
-0.441472,-1.131271,0.467816,-0.459135,0.472425,0.604224,0.375204
-0.156365,-0.202503,0.121820,-0.135864,0.138638,0.176266,-0.243730
0.266734,0.411079,-0.268618,0.323289,-0.300459,-0.407916,-0.186866
0.861467,0.329676,-0.860504,0.877669,-0.881712,-0.868616,-1.224029
0.237108,0.252750,-0.230183,0.293518,-0.229208,-0.318742,-0.338157
1.022473,0.565369,-0.990567,0.991811,-0.982701,-1.000085,-1.023216
0.452087,0.376902,-0.340353,0.332102,-0.358034,-0.385615,-0.736374
-0.457072,-1.267682,0.541347,-0.546543,0.512451,0.784866,0.560255
0.230273,0.361545,-0.246742,0.285245,-0.255395,-0.349085,-0.593518
1.256128,0.792306,-1.132727,1.130238,-1.141722,-1.090573,-1.237600
-0.295704,-0.888323,0.415251,-0.454724,0.355349,0.707145,0.337882
-0.240388,-0.655847,0.418426,-0.498880,0.343601,0.697861,-0.497092
1.201583,0.708124,-1.082582,1.070331,-1.094039,-1.062775,-1.170769
0.219096,0.282532,-0.246912,0.276582,-0.228400,-0.278347,-0.553210
-0.193286,-0.656697,0.329682,-0.420873,0.273651,0.620831,-0.471576
-0.036701,-0.002515,-0.016664,0.012100,0.007013,-0.050317,0.097972
0.297888,0.402390,-0.307967,0.332807,-0.323978,-0.425803,0.006009
-0.180833,-0.604089,0.317917,-0.412567,0.274969,0.591951,-0.473326
0.959809,0.377543,-0.903874,0.901689,-0.910581,-0.882500,-1.490314
0.157781,0.210364,-0.200792,0.228109,-0.188132,-0.241730,-0.325787
-0.314815,-0.841017,0.412572,-0.461659,0.360576,0.703807,0.219282

-0.068596,-0.810801,0.118637,-0.136268,0.084853,0.366530,0.299870
0.089896,0.100900,-0.080063,0.079129,-0.067033,-0.138959,-0.024942
0.892709,0.017188,-0.849644,0.844533,-0.855650,-0.818407,-0.135742
0.085840,0.080413,-0.127956,0.182673,-0.124125,-0.230684,-0.014562
0.144655,0.139488,-0.208695,0.242291,-0.204713,-0.318896,0.023919
-0.057110,-0.699442,0.130088,-0.164862,0.084720,0.414414,0.072241
0.684872,0.010339,-0.673920,0.684726,-0.690917,-0.661339,-0.790925
0.489313,0.021667,-0.486105,0.540800,-0.522390,-0.515808,-0.364552
0.469309,0.190043,-0.481712,0.521631,-0.486265,-0.537984,-0.050817
-0.095898,-0.106505,0.085006,-0.107766,0.124939,0.103355,-0.124655
0.066587,0.089035,-0.103963,0.124464,-0.092776,-0.186232,0.004055
-0.052954,-0.531475,0.236603,-0.335332,0.158698,0.515949,-0.012603
0.034520,0.026331,-0.029374,0.032383,-0.015499,-0.055086,-0.195535
0.714427,0.162109,-0.668077,0.696555,-0.679909,-0.698990,-0.062635
0.499874,0.191662,-0.507550,0.547467,-0.512970,-0.563557,-0.061699
0.065000,0.040732,-0.048112,0.050430,-0.038846,-0.078236,-0.093118
0.117722,0.117634,-0.124329,0.129162,-0.107093,-0.199808,-0.027685
-0.052672,-0.623988,0.165485,-0.224905,0.099304,0.476989,0.047329
0.312073,0.157309,-0.270322,0.278536,-0.293542,-0.325556,-0.218265
-0.073966,-0.608474,0.303186,-0.393979,0.190937,0.590879,-0.018270
0.650278,0.022455,-0.635559,0.658068,-0.664692,-0.635329,-0.612354
-0.080312,-0.895706,0.138461,-0.150392,0.102171,0.387046,0.455156
-0.137764,-0.795056,0.204141,-0.231917,0.166219,0.467284,0.264182
0.887145,0.014286,-0.843726,0.839707,-0.850924,-0.814849,-0.147894
-0.074540,-0.189835,0.059433,-0.072492,0.078506,0.100597,-0.043195
0.124664,0.104325,-0.202355,0.230473,-0.183168,-0.248244,-0.021257
-0.070653,-0.676008,0.158707,-0.205958,0.109951,0.456336,0.072572
0.617159,0.022956,-0.624815,0.651259,-0.644209,-0.632497,-0.607215
-0.140730,-0.735532,0.173446,-0.185137,0.158901,0.335666,0.314379
-0.113463,-0.133305,0.112909,-0.129781,0.122178,0.172152,-0.018757
0.203907,0.156286,-0.238143,0.293094,-0.256651,-0.372103,-0.039069
0.686640,0.010232,-0.676733,0.687387,-0.694568,-0.664407,-0.770919
0.173278,0.119665,-0.210117,0.273404,-0.200709,-0.302556,-0.031497
0.759875,0.008322,-0.744880,0.748538,-0.744745,-0.742521,-0.486490
0.352026,0.173248,-0.267227,0.266336,-0.285147,-0.313711,-0.525143
-0.075833,-0.826699,0.123462,-0.138069,0.094065,0.345056,0.387261
0.175704,0.146488,-0.221373,0.262395,-0.221217,-0.325131,-0.092453
0.838187,0.009366,-0.804031,0.805846,-0.807992,-0.788529,-0.323990
-0.055625,-0.680153,0.140049,-0.180698,0.090613,0.425241,0.122207
-0.081404,-0.545259,0.297584,-0.388089,0.198435,0.580301,-0.027773
0.825822,0.006580,-0.787152,0.784778,-0.792704,-0.777594,-0.387718
0.173175,0.135765,-0.232216,0.263843,-0.209208,-0.269177,-0.034491
-0.060402,-0.548416,0.254481,-0.352074,0.169939,0.539747,-0.017495
-0.021710,-0.001622,-0.011929,0.009385,0.004709,-0.042983,0.040812
0.221451,0.152710,-0.259037,0.289926,-0.264130,-0.374358,0.002007
-0.060586,-0.508688,0.252450,-0.351122,0.179178,0.520898,-0.017589
0.734028,0.009151,-0.701122,0.702442,-0.710319,-0.677471,-0.791040
0.124670,0.104920,-0.189465,0.218911,-0.172396,-0.235035,-0.022757
-0.064335,-0.653397,0.154043,-0.202634,0.102061,0.447135,0.069996

