-0.186061,0.198929,0.358022,-0.435442,0.224349,0.294920,0.073444
-0.403905,0.352024,0.323054,-0.490092,0.167417,0.377703,0.208880
-0.317822,0.295759,0.325439,-0.448954,0.177634,0.336369,0.164698
-0.355477,0.366987,0.412704,-0.446190,0.190917,0.426686,0.253173
-0.273915,0.281167,0.349760,-0.406639,0.118969,0.343764,0.190699
-0.159762,0.208907,0.264801,-0.290449,0.099052,0.249818,0.151847
-0.273123,0.273177,0.223591,-0.336491,0.087012,0.266246,0.185678
-0.432151,0.394098,0.374137,-0.491544,0.156426,0.439086,0.263358
-0.379292,0.360833,0.398718,-0.498890,0.210398,0.422783,0.218152
-0.473847,0.402644,0.359976,-0.530740,0.181937,0.428143,0.243818
-0.378606,0.331336,0.313449,-0.480809,0.167809,0.358482,0.188580
-0.265648,0.272711,0.364271,-0.431350,0.159144,0.348332,0.170395
-0.448167,0.384663,0.352528,-0.528454,0.185294,0.416201,0.225347
-0.389892,0.375324,0.369706,-0.452664,0.159852,0.416506,0.256917
-0.180625,0.202152,0.330323,-0.392333,0.177319,0.281272,0.098794
-0.232195,0.251755,0.343235,-0.393392,0.157833,0.319755,0.157749
-0.215828,0.242303,0.319902,-0.361289,0.126171,0.301353,0.163662
-0.457759,0.392277,0.342683,-0.518899,0.183845,0.416129,0.236704
-0.246541,0.254564,0.310054,-0.386743,0.126479,0.305724,0.162272
-0.202396,0.230220,0.327667,-0.369573,0.147551,0.292951,0.138255
-0.387477,0.368885,0.383245,-0.476929,0.200043,0.415709,0.234826
-0.260845,0.263298,0.301495,-0.390828,0.119881,0.309612,0.169208
-0.407027,0.364672,0.308411,-0.456052,0.137352,0.375464,0.234460
-0.208718,0.222597,0.325131,-0.400739,0.155987,0.295204,0.121128
-0.178362,0.228235,0.274375,-0.296358,0.117746,0.265918,0.165898
-0.160823,0.186287,0.273492,-0.339227,0.107922,0.246555,0.113939
-0.343261,0.314267,0.383963,-0.520728,0.226606,0.385418,0.156352
-0.478628,0.432177,0.410440,-0.521759,0.193236,0.469672,0.280749
-0.227858,0.231122,0.257582,-0.352673,0.086186,0.263025,0.151799
-0.357909,0.332563,0.349863,-0.461188,0.163140,0.373059,0.206948
-0.292155,0.303885,0.331390,-0.374265,0.089748,0.348516,0.228365
-0.309442,0.326533,0.352207,-0.389880,0.129034,0.370911,0.238416
-0.214944,0.248587,0.319031,-0.353139,0.132913,0.304531,0.171598
-0.178971,0.198590,0.325878,-0.396852,0.196877,0.276509,0.085410
-0.348999,0.310301,0.260782,-0.424230,0.137274,0.312784,0.184685
-0.163966,0.200121,0.319736,-0.344649,0.124191,0.268317,0.124711
-0.151978,0.180553,0.310572,-0.364001,0.173237,0.255757,0.083367
-0.384717,0.348855,0.303793,-0.446282,0.158322,0.358904,0.215870
-0.445326,0.369665,0.313517,-0.517092,0.153030,0.386531,0.216039
-0.131053,0.175841,0.243610,-0.266061,0.032933,0.219523,0.145485
-0.422603,0.373028,0.375482,-0.527806,0.195156,0.418265,0.212309
-0.297716,0.298859,0.381789,-0.444510,0.170959,0.363992,0.181207
-0.249748,0.270583,0.343761,-0.380901,0.122805,0.329384,0.187175
-0.241938,0.246972,0.291722,-0.382465,0.116333,0.295623,0.158187
-0.460197,0.393619,0.361457,-0.540365,0.185605,0.430185,0.232520
-0.374067,0.342557,0.311246,-0.447350,0.145111,0.365489,0.220946
-0.244912,0.262833,0.348430,-0.410239,0.194772,0.330187,0.151379
-0.379826,0.347937,0.381288,-0.490661,0.172077,0.396315,0.210452
-0.274906,0.272838,0.350962,-0.448155,0.181170,0.342011,0.147510

-0.104092,0.104890,0.185929,-0.211028,0.111910,0.148005,0.038136
-0.212895,0.179234,0.164650,-0.240901,0.081674,0.189080,0.104024
-0.169910,0.151671,0.165460,-0.223209,0.086257,0.169888,0.082445
-0.197283,0.193402,0.216316,-0.215669,0.097553,0.220885,0.136194
-0.142299,0.137022,0.165870,-0.192979,0.060826,0.169905,0.095665
-0.089289,0.110944,0.141171,-0.145084,0.050464,0.133353,0.082550
-0.145702,0.139400,0.114895,-0.171697,0.042433,0.135624,0.092630
-0.234926,0.205982,0.197433,-0.234379,0.080269,0.226263,0.141249
-0.209121,0.190341,0.209460,-0.237522,0.107204,0.219135,0.117938
-0.246376,0.203422,0.182443,-0.257822,0.088848,0.211939,0.120859
-0.200299,0.169122,0.159861,-0.236928,0.081753,0.180190,0.094137
-0.138515,0.133420,0.172609,-0.203470,0.081102,0.172218,0.085699
-0.234656,0.195197,0.179038,-0.256893,0.090419,0.206675,0.112023
-0.213744,0.196722,0.195142,-0.218221,0.081886,0.215768,0.137971
-0.100747,0.106181,0.172150,-0.192101,0.088901,0.141203,0.051191
-0.121262,0.123256,0.163092,-0.187305,0.080308,0.158867,0.079441
-0.112638,0.118458,0.152417,-0.173252,0.064320,0.150078,0.082338
-0.239056,0.198737,0.174410,-0.252984,0.089751,0.206554,0.117479
-0.128059,0.124225,0.147880,-0.184349,0.064502,0.152094,0.081643
-0.112714,0.120525,0.170875,-0.181939,0.074287,0.146663,0.071436
-0.213025,0.194077,0.201945,-0.228476,0.102058,0.215721,0.126616
-0.135215,0.128334,0.144016,-0.186100,0.061195,0.153881,0.085062
-0.214209,0.184983,0.157507,-0.226313,0.067213,0.187866,0.116340
-0.116160,0.116679,0.169650,-0.195806,0.078473,0.147803,0.062655
-0.099706,0.121157,0.146258,-0.147914,0.059973,0.141626,0.090098
-0.089413,0.097516,0.143503,-0.167984,0.054363,0.124184,0.058924
-0.189157,0.164212,0.199206,-0.246475,0.113777,0.190037,0.080762
-0.250101,0.217822,0.206470,-0.254372,0.094471,0.230200,0.138483
-0.117943,0.112555,0.123467,-0.169284,0.043983,0.131600,0.076370
-0.190570,0.169837,0.177346,-0.228604,0.079536,0.187014,0.103107
-0.150986,0.147221,0.157586,-0.178917,0.045969,0.171774,0.113918
-0.171668,0.172076,0.186081,-0.190931,0.066087,0.194026,0.128362
-0.120202,0.132041,0.169105,-0.174303,0.067755,0.161372,0.093147
-0.099940,0.104482,0.170082,-0.194158,0.098499,0.139015,0.044315
-0.184559,0.158139,0.133665,-0.212150,0.066895,0.158348,0.092172
-0.091425,0.104851,0.166687,-0.170561,0.062545,0.134828,0.064483
-0.084857,0.094931,0.162305,-0.179416,0.086797,0.128905,0.043246
-0.203254,0.177453,0.155232,-0.222053,0.077239,0.180233,0.107421
-0.232153,0.187374,0.159893,-0.252078,0.074803,0.193072,0.107427
-0.068002,0.085541,0.116523,-0.129788,0.016770,0.110297,0.073177
-0.229271,0.192911,0.195328,-0.249277,0.098661,0.204520,0.108924
-0.164780,0.155839,0.197674,-0.214944,0.086257,0.180000,0.093281
-0.130196,0.132067,0.163291,-0.181896,0.062737,0.163262,0.093946
-0.125548,0.120490,0.139460,-0.182448,0.059344,0.147268,0.079594
-0.240509,0.199525,0.183351,-0.261736,0.090631,0.212934,0.115472
-0.198162,0.174408,0.158832,-0.222515,0.070881,0.183308,0.109840
-0.137081,0.140009,0.184172,-0.199933,0.098834,0.174474,0.082421
-0.201638,0.177392,0.192053,-0.241253,0.083886,0.197749,0.104841
-0.152568,0.142819,0.182809,-0.216484,0.091232,0.169969,0.076211

0.402879,-0.041466,-0.204155,0.308258,-0.334707,0.083578,-0.377757
0.446019,-0.021352,-0.234720,0.350433,-0.369944,0.067913,-0.392155
0.420746,-0.032722,-0.214665,0.323663,-0.349570,0.077278,-0.379119
0.458484,-0.010854,-0.239168,0.364752,-0.386929,0.069910,-0.394019
0.468732,-0.006245,-0.244821,0.375888,-0.391898,0.069474,-0.405711
0.393793,-0.046567,-0.177804,0.284297,-0.315439,0.090693,-0.359605
0.402615,-0.045995,-0.184700,0.288399,-0.318245,0.082358,-0.356976
0.495648,0.005370,-0.264714,0.402694,-0.412776,0.059813,-0.416955
0.465453,-0.009209,-0.246559,0.373160,-0.389718,0.066786,-0.403329
0.460919,-0.012810,-0.251648,0.369987,-0.390058,0.062236,-0.396311
0.441649,-0.023012,-0.227659,0.345053,-0.363863,0.071933,-0.392747
0.449630,-0.016321,-0.236542,0.359714,-0.377141,0.072783,-0.402243
0.466322,-0.010856,-0.250619,0.373045,-0.389124,0.062635,-0.401729
0.469052,-0.008403,-0.246084,0.372262,-0.390666,0.064383,-0.397668
0.407619,-0.039825,-0.203919,0.309157,-0.336650,0.081992,-0.374178
0.419410,-0.033798,-0.216146,0.323554,-0.350116,0.076722,-0.378959
0.422356,-0.031727,-0.212285,0.323425,-0.349606,0.078350,-0.378553
0.451674,-0.019860,-0.243367,0.356910,-0.376533,0.062785,-0.392041
0.430386,-0.028892,-0.219343,0.331275,-0.355285,0.074418,-0.381929
0.423023,-0.030790,-0.208701,0.321400,-0.348923,0.079848,-0.375006
0.442822,-0.021146,-0.234254,0.349059,-0.373039,0.069376,-0.387088
0.437984,-0.025581,-0.222284,0.337542,-0.358858,0.072692,-0.386044
0.457348,-0.014627,-0.231885,0.356513,-0.375117,0.069113,-0.392931
0.430774,-0.027211,-0.216868,0.333233,-0.354397,0.078070,-0.388313
0.377074,-0.057651,-0.172149,0.266334,-0.303342,0.089600,-0.345343
0.415307,-0.035397,-0.199695,0.313369,-0.335962,0.084132,-0.380904
0.452262,-0.017648,-0.242959,0.360457,-0.378387,0.066798,-0.398177
0.482586,-0.000062,-0.261384,0.391268,-0.409659,0.060308,-0.403170
0.423466,-0.032353,-0.207722,0.320832,-0.343873,0.079153,-0.380470
0.446541,-0.017713,-0.234119,0.354031,-0.375900,0.071878,-0.392988
0.471282,-0.006282,-0.242032,0.373183,-0.390468,0.067759,-0.400529
0.457958,-0.011825,-0.231870,0.359075,-0.380425,0.071842,-0.392203
0.417318,-0.032926,-0.203477,0.316941,-0.343605,0.082873,-0.376805
0.392848,-0.049095,-0.194120,0.291573,-0.322242,0.083820,-0.364151
0.405935,-0.044154,-0.201594,0.301250,-0.330149,0.076860,-0.364751
0.424237,-0.027311,-0.206962,0.325787,-0.351516,0.084797,-0.382019
0.387927,-0.050484,-0.187495,0.285495,-0.317523,0.087302,-0.361418
0.422646,-0.034606,-0.214039,0.319733,-0.347416,0.072602,-0.370448
0.467881,-0.009093,-0.247024,0.374615,-0.387764,0.065793,-0.407345
0.421698,-0.030900,-0.199268,0.317273,-0.341487,0.084903,-0.379153
0.478702,-0.003549,-0.256156,0.385256,-0.399962,0.062098,-0.406427
0.457825,-0.010634,-0.240235,0.366052,-0.387077,0.071674,-0.397510
0.448475,-0.015991,-0.228711,0.353120,-0.374446,0.075299,-0.393672
0.431628,-0.028585,-0.216815,0.331716,-0.352204,0.075373,-0.386814
0.479777,-0.003565,-0.258163,0.387891,-0.399907,0.060993,-0.411140
0.441779,-0.023068,-0.225748,0.342704,-0.363206,0.070823,-0.388096
0.406773,-0.040772,-0.204955,0.307923,-0.336938,0.080082,-0.370867
0.472461,-0.003284,-0.252813,0.383311,-0.401098,0.067202,-0.405783
0.452143,-0.016683,-0.230563,0.354654,-0.371640,0.072283,-0.397547

0.187617,-0.019964,-0.103356,0.168846,-0.175370,0.039889,-0.191151
0.206282,-0.010238,-0.118771,0.191500,-0.193794,0.032261,-0.198654
0.195461,-0.015722,-0.108703,0.177402,-0.183244,0.036769,-0.192221
0.211852,-0.005197,-0.121536,0.199216,-0.202622,0.033120,-0.199591
0.215379,-0.003003,-0.123266,0.203101,-0.203755,0.033121,-0.203922
0.183417,-0.022476,-0.089926,0.156032,-0.165213,0.043281,-0.181842
0.187242,-0.022168,-0.093354,0.158501,-0.166854,0.039261,-0.180965
0.227014,0.002569,-0.133909,0.218059,-0.215356,0.028345,-0.210262
0.214649,-0.004407,-0.125096,0.203393,-0.204018,0.031655,-0.204045
0.212866,-0.006130,-0.127431,0.201935,-0.204217,0.029505,-0.201084
0.204308,-0.011042,-0.115178,0.188557,-0.190587,0.034195,-0.198746
0.207501,-0.007845,-0.119334,0.195193,-0.196655,0.034678,-0.202503
0.214899,-0.005197,-0.126810,0.203251,-0.203601,0.029714,-0.203435
0.216118,-0.004024,-0.124743,0.202855,-0.204379,0.030522,-0.201216
0.189577,-0.019194,-0.103096,0.169135,-0.176165,0.039157,-0.189222
0.194723,-0.016266,-0.109200,0.176717,-0.183080,0.036576,-0.191552
0.195851,-0.015286,-0.107139,0.176420,-0.182609,0.037381,-0.191092
0.208880,-0.009507,-0.123288,0.195246,-0.197471,0.029773,-0.198982
0.199260,-0.013913,-0.110614,0.180504,-0.185512,0.035502,-0.192793
0.196194,-0.014839,-0.105504,0.175535,-0.182346,0.038106,-0.189563
0.205320,-0.010123,-0.119049,0.191342,-0.195810,0.032868,-0.196517
0.202419,-0.012316,-0.112047,0.183712,-0.187314,0.034675,-0.194703
0.210908,-0.007016,-0.117316,0.194504,-0.196247,0.032823,-0.198800
0.199409,-0.013108,-0.109496,0.181528,-0.185095,0.037275,-0.195812
0.176321,-0.027798,-0.087248,0.146870,-0.159304,0.042705,-0.175345
0.192569,-0.017092,-0.100669,0.170839,-0.175421,0.040244,-0.191805
0.208965,-0.008461,-0.123015,0.196499,-0.198017,0.031757,-0.201471
0.221941,-0.000030,-0.132506,0.212864,-0.214076,0.028546,-0.204394
0.196091,-0.015607,-0.104593,0.174777,-0.179466,0.037820,-0.191698
0.206538,-0.008500,-0.118479,0.193155,-0.196591,0.034163,-0.198878
0.216435,-0.003022,-0.121900,0.201832,-0.203089,0.032287,-0.201440
0.211265,-0.005678,-0.117432,0.195611,-0.198771,0.034131,-0.198120
0.193833,-0.015853,-0.103017,0.173469,-0.179880,0.039480,-0.190459
0.183211,-0.023657,-0.098255,0.160066,-0.168947,0.040018,-0.184580
0.189015,-0.021226,-0.102050,0.165754,-0.173387,0.036573,-0.185324
0.196584,-0.013180,-0.104464,0.177411,-0.183332,0.040526,-0.192506
0.180991,-0.024355,-0.094829,0.156667,-0.166348,0.041717,-0.183032
0.196382,-0.016608,-0.108513,0.175750,-0.182439,0.034482,-0.188341
0.215339,-0.004357,-0.124780,0.203701,-0.202635,0.031248,-0.205739
0.195107,-0.014952,-0.100113,0.172277,-0.177700,0.040673,-0.190382
0.220043,-0.001699,-0.129630,0.209281,-0.208907,0.029471,-0.205454
0.211235,-0.005108,-0.121504,0.198925,-0.201915,0.034114,-0.200694
0.206959,-0.007696,-0.115363,0.191688,-0.195103,0.035894,-0.198261
0.199650,-0.013770,-0.109270,0.180600,-0.183885,0.035974,-0.194921
0.220430,-0.001706,-0.130551,0.210707,-0.208968,0.028926,-0.207825
0.204389,-0.011071,-0.114255,0.187394,-0.190271,0.033656,-0.196492
0.189516,-0.019594,-0.103997,0.169210,-0.176909,0.038098,-0.188171
0.217401,-0.001574,-0.127778,0.207955,-0.209110,0.031931,-0.204990
0.208555,-0.008017,-0.116550,0.192925,-0.194115,0.034435,-0.200526

