-0.167945,0.122479,-0.211510,0.040834,-0.030192,0.028309,0.328816,0.153974,0.526264,-0.178875
-0.207325,0.097859,-0.175998,0.040774,-0.053016,0.115943,0.228963,0.360279,0.527784,-0.105652
-0.185985,0.105040,-0.186397,0.050928,-0.050396,0.091445,0.261251,0.283311,0.524852,-0.125728
-0.206099,0.141230,-0.232756,0.088069,-0.054366,0.155762,0.274349,0.317643,0.500934,-0.064004
-0.124580,0.087499,-0.208122,0.098935,-0.125517,0.057053,0.270347,0.224953,0.531214,-0.125641
-0.094665,0.080468,-0.206511,0.143960,-0.132965,0.052946,0.270736,0.158122,0.510247,-0.122398
-0.126212,0.059812,-0.171079,0.110351,-0.123687,0.079973,0.219628,0.270316,0.516263,-0.106315
-0.203853,0.106283,-0.203325,0.068953,-0.077923,0.133403,0.234957,0.371297,0.517781,-0.075459
-0.223853,0.131630,-0.213486,0.048481,-0.032320,0.130645,0.269872,0.331637,0.512022,-0.093478
-0.236847,0.110884,-0.177172,0.028386,-0.038643,0.150828,0.224614,0.413644,0.527709,-0.085847
-0.198177,0.094007,-0.173246,0.041434,-0.052603,0.100520,0.234378,0.335351,0.528104,-0.117124
-0.148761,0.108195,-0.214074,0.080807,-0.086584,0.065267,0.282348,0.223968,0.529434,-0.132641
-0.231200,0.106243,-0.179044,0.026803,-0.039142,0.130256,0.230552,0.391885,0.526034,-0.097897
-0.197961,0.114747,-0.211951,0.080599,-0.075578,0.140918,0.245800,0.347746,0.510230,-0.070208
-0.138919,0.104799,-0.209270,0.068678,-0.071346,0.028355,0.309540,0.155985,0.526255,-0.166113
-0.143315,0.110121,-0.215181,0.087182,-0.085181,0.068022,0.286853,0.206741,0.523920,-0.132215
-0.119014,0.094841,-0.211816,0.107791,-0.113773,0.057908,0.277927,0.193817,0.524026,-0.129344
-0.236767,0.110364,-0.179390,0.030277,-0.036132,0.146930,0.221914,0.409083,0.523871,-0.087024
-0.129086,0.086270,-0.199383,0.089850,-0.109681,0.054230,0.267273,0.219301,0.529366,-0.135267
-0.128372,0.095886,-0.209952,0.091615,-0.098942,0.045098,0.295631,0.177109,0.520089,-0.141409
-0.224360,0.134482,-0.210815,0.058718,-0.033786,0.154612,0.257577,0.349469,0.509780,-0.077547
-0.130001,0.080295,-0.195753,0.089716,-0.114403,0.054066,0.258982,0.233006,0.529157,-0.132291
-0.190316,0.085497,-0.175320,0.066171,-0.079814,0.122690,0.217018,0.365085,0.520368,-0.086956
-0.132885,0.092881,-0.204542,0.075608,-0.090403,0.028410,0.293726,0.177688,0.529014,-0.158436
-0.117038,0.096519,-0.212157,0.138090,-0.112059,0.082977,0.269834,0.185631,0.503085,-0.106868
-0.089509,0.070229,-0.197557,0.109441,-0.130837,0.007787,0.280228,0.140104,0.531642,-0.162327
-0.222187,0.122952,-0.199884,0.016198,-0.019308,0.085900,0.286071,0.294511,0.525698,-0.137472
-0.243883,0.129930,-0.204406,0.047068,-0.039785,0.176238,0.240631,0.414893,0.512891,-0.057339
-0.097161,0.059293,-0.181218,0.105295,-0.138860,0.032350,0.247245,0.203035,0.534892,-0.144053
-0.186301,0.106382,-0.192195,0.062214,-0.065613,0.110960,0.250582,0.313620,0.525832,-0.105323
-0.115256,0.080637,-0.210370,0.122774,-0.148898,0.076532,0.251025,0.250973,0.523992,-0.099086
-0.152665,0.104138,-0.217771,0.115116,-0.109082,0.113793,0.257936,0.277307,0.509668,-0.079836
-0.127463,0.100305,-0.214350,0.117176,-0.105322,0.073513,0.277257,0.198590,0.514390,-0.116566
-0.153611,0.111105,-0.207681,0.057073,-0.051231,0.032968,0.314498,0.158746,0.521985,-0.168721
-0.178081,0.080426,-0.162629,0.059786,-0.071399,0.103205,0.219502,0.327138,0.525394,-0.112156
-0.096251,0.085459,-0.208352,0.110636,-0.122501,0.022010,0.298448,0.131893,0.526536,-0.153879
-0.129244,0.101805,-0.207086,0.076746,-0.073751,0.022855,0.313026,0.132987,0.522697,-0.169554
-0.202660,0.098936,-0.177525,0.057962,-0.057507,0.132888,0.226809,0.356487,0.516621,-0.090174
-0.206484,0.082079,-0.159001,0.032758,-0.061035,0.109494,0.211116,0.385131,0.534921,-0.109316
-0.031889,0.045224,-0.197134,0.164059,-0.199217,-0.000111,0.260671,0.112511,0.534678,-0.148732
-0.226678,0.109150,-0.188262,0.026164,-0.040018,0.115843,0.251889,0.360901,0.523079,-0.105994
-0.167329,0.110624,-0.209444,0.068868,-0.075929,0.081391,0.286588,0.247632,0.523877,-0.122639
-0.122688,0.094460,-0.212370,0.109129,-0.119224,0.066614,0.274343,0.212217,0.524465,-0.119636
-0.121226,0.077580,-0.194447,0.093888,-0.117048,0.045236,0.259675,0.216208,0.530815,-0.138934
-0.233043,0.106137,-0.181160,0.026860,-0.040841,0.129948,0.229636,0.398079,0.526262,-0.095779
-0.187093,0.094015,-0.184032,0.069841,-0.075475,0.118150,0.227912,0.341447,0.521411,-0.093598
-0.176899,0.124972,-0.216504,0.071783,-0.047858,0.088164,0.293333,0.227023,0.512253,-0.124875
-0.192759,0.106939,-0.193063,0.050243,-0.064489,0.105348,0.259515,0.316800,0.528603,-0.109564
-0.170242,0.102542,-0.204333,0.055510,-0.066425,0.055288,0.288188,0.235276,0.523031,-0.141604

-0.085332,0.064082,-0.103074,0.020519,-0.016746,0.015263,0.146997,0.082030,0.245299,-0.089297
-0.104248,0.048926,-0.087813,0.019288,-0.029402,0.060837,0.104234,0.193931,0.234761,-0.053341
-0.093618,0.052394,-0.093061,0.024133,-0.027871,0.047945,0.118056,0.154680,0.233663,-0.063340
-0.112690,0.073867,-0.119172,0.043252,-0.029789,0.083983,0.132493,0.176235,0.222958,-0.032027
-0.062134,0.044937,-0.099055,0.050319,-0.071887,0.028539,0.115855,0.120216,0.240920,-0.065607
-0.051844,0.041925,-0.106642,0.070901,-0.071701,0.028524,0.129013,0.089109,0.225456,-0.061099
-0.063683,0.029838,-0.085689,0.052171,-0.067910,0.041937,0.099172,0.147326,0.229915,-0.053797
-0.111278,0.055653,-0.104433,0.033923,-0.042614,0.072024,0.113908,0.203320,0.228750,-0.037746
-0.121942,0.068840,-0.109556,0.023888,-0.017710,0.070495,0.130456,0.183452,0.226948,-0.046637
-0.118720,0.055499,-0.088251,0.013411,-0.021495,0.079041,0.102646,0.220198,0.234890,-0.043399
-0.099672,0.046965,-0.086515,0.019618,-0.029133,0.052743,0.106480,0.181322,0.234783,-0.059069
-0.074228,0.055577,-0.101705,0.041099,-0.049791,0.032666,0.121260,0.119877,0.240521,-0.069159
-0.116062,0.053165,-0.089224,0.012668,-0.021758,0.068354,0.105198,0.209721,0.234264,-0.049442
-0.108115,0.060057,-0.108797,0.039633,-0.041327,0.076018,0.118970,0.191418,0.226035,-0.035136
-0.070692,0.054851,-0.102042,0.034478,-0.039474,0.015287,0.138487,0.082922,0.245043,-0.083174
-0.071514,0.056559,-0.102261,0.044343,-0.048970,0.034028,0.123067,0.110881,0.238456,-0.068955
-0.059425,0.048702,-0.100786,0.054784,-0.065190,0.028964,0.119045,0.103957,0.238287,-0.067526
-0.118801,0.055261,-0.089354,0.014299,-0.020109,0.077054,0.101507,0.218126,0.233550,-0.043996
-0.064328,0.044312,-0.094987,0.045745,-0.062881,0.027115,0.114684,0.117248,0.240201,-0.070559
-0.065393,0.050240,-0.102380,0.045898,-0.054694,0.024335,0.132452,0.093926,0.242593,-0.071085
-0.122275,0.070391,-0.108130,0.028891,-0.018530,0.083344,0.124917,0.192554,0.226131,-0.038755
-0.064783,0.041259,-0.093278,0.045667,-0.065576,0.027042,0.111262,0.124312,0.240057,-0.069041
-0.095842,0.042773,-0.087520,0.031263,-0.044199,0.064383,0.098773,0.196133,0.231884,-0.044015
-0.067657,0.048643,-0.099779,0.037930,-0.049975,0.015325,0.131659,0.094211,0.245993,-0.079440
-0.064087,0.050335,-0.109375,0.067950,-0.060674,0.044712,0.129012,0.104463,0.223012,-0.053411
-0.045591,0.036745,-0.096617,0.054869,-0.071913,0.004196,0.125280,0.074362,0.246714,-0.081450
-0.112578,0.064600,-0.097228,0.008113,-0.010777,0.046435,0.129720,0.154348,0.245299,-0.068988
-0.122452,0.065061,-0.101519,0.022183,-0.022179,0.092299,0.109922,0.221279,0.229734,-0.029046
-0.048433,0.030440,-0.086542,0.053611,-0.079218,0.016165,0.106032,0.108442,0.241836,-0.075144
-0.093853,0.053102,-0.095842,0.029430,-0.036317,0.058190,0.113475,0.170393,0.234102,-0.053177
-0.057510,0.041442,-0.100044,0.062256,-0.085137,0.038301,0.107836,0.133493,0.238058,-0.051921
-0.083606,0.054409,-0.111935,0.056590,-0.059315,0.061393,0.123999,0.154402,0.225635,-0.039959
-0.069796,0.052289,-0.110409,0.057755,-0.057073,0.039630,0.132485,0.111664,0.227250,-0.058154
-0.078118,0.058174,-0.101284,0.028663,-0.028392,0.017779,0.140797,0.084462,0.243523,-0.084411
-0.089564,0.040178,-0.081332,0.028316,-0.039460,0.054103,0.099714,0.176853,0.233546,-0.056643
-0.049042,0.044715,-0.101773,0.055445,-0.067428,0.011861,0.133144,0.070126,0.244933,-0.077276
-0.065780,0.053276,-0.101106,0.038541,-0.040770,0.012317,0.139787,0.070827,0.243668,-0.084868
-0.101945,0.049498,-0.088590,0.027395,-0.031900,0.069672,0.103291,0.192029,0.230663,-0.045618
-0.103690,0.041045,-0.079422,0.015506,-0.033818,0.057459,0.096246,0.205890,0.237117,-0.055183
-0.015873,0.023136,-0.094302,0.083293,-0.112393,-0.000055,0.110603,0.060443,0.241495,-0.077639
-0.114917,0.057502,-0.091553,0.013076,-0.022371,0.062658,0.114989,0.186561,0.244148,-0.053418
-0.085153,0.058055,-0.101934,0.034468,-0.042189,0.043965,0.129210,0.130458,0.244336,-0.061732
-0.061280,0.048534,-0.101011,0.055427,-0.068340,0.033335,0.117626,0.113614,0.238484,-0.062525
-0.060405,0.039841,-0.092708,0.047804,-0.067020,0.022615,0.111430,0.115549,0.240620,-0.072459
-0.116983,0.053114,-0.090244,0.012691,-0.022705,0.068210,0.104801,0.212746,0.234344,-0.048378
-0.094235,0.046988,-0.091819,0.033002,-0.041782,0.061985,0.103555,0.184395,0.232348,-0.047337
-0.096636,0.065177,-0.111334,0.035447,-0.026083,0.047542,0.140526,0.127539,0.226813,-0.062140
-0.096941,0.053352,-0.096287,0.023796,-0.035692,0.055227,0.117293,0.172082,0.235106,-0.055274
-0.086589,0.053805,-0.099544,0.027820,-0.036889,0.029874,0.129835,0.124148,0.243921,-0.071100

-0.071624,-0.030017,0.093267,-0.050402,0.285759,0.165916,0.034958,-0.420772,0.174637,0.027744
-0.101499,-0.032302,0.110120,-0.045021,0.275937,0.168294,0.047477,-0.428784,0.183248,0.035680
-0.081586,-0.033580,0.101577,-0.048776,0.283336,0.169297,0.041246,-0.423977,0.177959,0.030963
-0.100104,-0.036174,0.112485,-0.045194,0.276654,0.171713,0.050742,-0.430286,0.185001,0.037109
-0.104245,-0.030922,0.110269,-0.047543,0.274326,0.169479,0.047222,-0.433841,0.187256,0.036643
-0.045756,-0.034163,0.087065,-0.064427,0.294557,0.173477,0.024840,-0.419248,0.166585,0.022811
-0.057350,-0.035865,0.095144,-0.061663,0.291252,0.174645,0.029848,-0.421278,0.167930,0.025550
-0.121709,-0.030598,0.118825,-0.043721,0.268242,0.169826,0.054144,-0.438202,0.191656,0.041040
-0.106671,-0.032091,0.112307,-0.043752,0.274068,0.169044,0.050428,-0.431823,0.186204,0.037371
-0.116144,-0.036147,0.119656,-0.038237,0.272049,0.169444,0.057359,-0.431371,0.189161,0.039846
-0.091330,-0.031264,0.104662,-0.048217,0.279241,0.168309,0.042922,-0.427091,0.180029,0.032982
-0.098508,-0.029228,0.105259,-0.045831,0.276082,0.166284,0.044987,-0.429099,0.184040,0.034827
-0.113806,-0.032521,0.116294,-0.041628,0.272219,0.168966,0.053136,-0.432901,0.187976,0.038514
-0.109473,-0.034454,0.116391,-0.044755,0.273375,0.171466,0.052094,-0.433407,0.186935,0.038595
-0.073523,-0.031499,0.096266,-0.051467,0.285758,0.168264,0.035987,-0.422494,0.175312,0.028421
-0.085729,-0.033214,0.103003,-0.046901,0.281776,0.168111,0.042595,-0.423945,0.178941,0.031818
-0.081185,-0.032686,0.101001,-0.051078,0.283039,0.169768,0.039482,-0.425339,0.178189,0.030919
-0.111545,-0.034171,0.116453,-0.040393,0.273035,0.168346,0.053380,-0.429582,0.185642,0.038204
-0.088714,-0.032340,0.104597,-0.049316,0.280695,0.169625,0.041938,-0.427317,0.180189,0.032340
-0.075921,-0.034073,0.100385,-0.053693,0.285143,0.172032,0.037914,-0.426178,0.177383,0.029857
-0.100085,-0.035857,0.111955,-0.042796,0.277299,0.170021,0.050802,-0.427751,0.183885,0.036187
-0.090769,-0.031233,0.105082,-0.050399,0.279581,0.169764,0.041500,-0.428862,0.180409,0.032689
-0.094506,-0.033917,0.109401,-0.050565,0.278051,0.171873,0.044799,-0.430519,0.181564,0.034804
-0.082313,-0.029193,0.098724,-0.052453,0.281943,0.168412,0.037068,-0.427262,0.178748,0.030426
-0.044824,-0.038007,0.089777,-0.060617,0.296064,0.173837,0.027980,-0.415463,0.165084,0.022770
-0.066466,-0.028387,0.091007,-0.059113,0.286463,0.168871,0.028973,-0.424145,0.173092,0.026649
-0.106998,-0.031147,0.111513,-0.041913,0.274403,0.167296,0.049854,-0.430637,0.185965,0.036347
-0.121397,-0.037395,0.123722,-0.038806,0.269974,0.171897,0.060475,-0.435364,0.191891,0.042325
-0.075051,-0.031048,0.097533,-0.055657,0.284728,0.170149,0.034484,-0.425490,0.175635,0.028765
-0.097515,-0.033639,0.108667,-0.045447,0.277557,0.169318,0.047695,-0.428793,0.184276,0.035448
-0.104194,-0.032887,0.112877,-0.048854,0.274344,0.171391,0.047900,-0.434057,0.186035,0.037352
-0.093672,-0.034774,0.109213,-0.050675,0.278459,0.172836,0.045474,-0.431293,0.183219,0.035186
-0.069345,-0.033200,0.095928,-0.055566,0.286516,0.170759,0.034715,-0.423229,0.174609,0.028564
-0.065734,-0.032878,0.094060,-0.052206,0.288801,0.168627,0.033985,-0.419341,0.171879,0.026388
-0.073719,-0.036136,0.101148,-0.051456,0.286297,0.170810,0.038510,-0.420788,0.173144,0.028958
-0.068769,-0.032237,0.094770,-0.056914,0.286826,0.171191,0.033677,-0.425779,0.176841,0.028048
-0.058479,-0.032851,0.090556,-0.055753,0.290892,0.169400,0.030436,-0.418844,0.170547,0.024887
-0.083872,-0.037915,0.107564,-0.048278,0.283323,0.172275,0.044445,-0.423929,0.176950,0.031919
-0.106092,-0.030684,0.111072,-0.045690,0.274022,0.168294,0.048091,-0.431997,0.185694,0.036538
-0.064721,-0.030643,0.092564,-0.061418,0.287666,0.171844,0.029322,-0.425846,0.174039,0.026679
-0.114676,-0.033311,0.117751,-0.042557,0.272068,0.170535,0.053869,-0.435467,0.189657,0.038853
-0.098969,-0.034329,0.110203,-0.045820,0.277522,0.171012,0.048752,-0.431730,0.186644,0.035626
-0.089858,-0.032568,0.104822,-0.050263,0.279870,0.170621,0.043025,-0.429783,0.182764,0.033339
-0.084364,-0.030134,0.100871,-0.052261,0.280963,0.168480,0.037969,-0.426560,0.177618,0.031097
-0.118169,-0.030921,0.117088,-0.041757,0.269885,0.168262,0.053674,-0.434720,0.189205,0.039794
-0.092395,-0.032932,0.106875,-0.049409,0.278485,0.169886,0.043571,-0.427840,0.180079,0.033992
-0.075036,-0.033897,0.098850,-0.049620,0.285627,0.169083,0.038814,-0.421273,0.175097,0.029307
-0.110368,-0.033840,0.114890,-0.042934,0.273262,0.170083,0.053152,-0.434046,0.190154,0.038731
-0.092404,-0.029612,0.104340,-0.050539,0.278241,0.169097,0.041468,-0.430482,0.181398,0.033278

-0.035771,-0.014023,0.047305,-0.023541,0.139682,0.078569,0.017782,-0.224356,0.080729,0.013820
-0.050784,-0.015144,0.055977,-0.020906,0.134210,0.079793,0.024141,-0.227538,0.084930,0.017815
-0.040792,-0.015724,0.051625,-0.022709,0.137994,0.080187,0.020973,-0.225530,0.082444,0.015449
-0.050173,-0.016962,0.057188,-0.021027,0.134335,0.081404,0.025754,-0.228824,0.085805,0.018525
-0.051916,-0.014435,0.056024,-0.022168,0.134435,0.080217,0.023999,-0.230548,0.086411,0.018251
-0.022770,-0.015939,0.044342,-0.030164,0.144200,0.081836,0.012618,-0.223955,0.077035,0.011353
-0.028579,-0.016763,0.048473,-0.028757,0.142241,0.082455,0.015174,-0.224434,0.077782,0.012732
-0.060907,-0.014348,0.060418,-0.020296,0.130443,0.080540,0.027502,-0.232164,0.088773,0.020490
-0.053473,-0.015055,0.057059,-0.020334,0.133089,0.080187,0.025617,-0.229225,0.086335,0.018661
-0.058193,-0.016969,0.060791,-0.017721,0.132000,0.080445,0.029156,-0.228694,0.087737,0.019914
-0.045678,-0.014650,0.053211,-0.022411,0.135912,0.079749,0.021830,-0.226769,0.083426,0.016463
-0.049135,-0.013655,0.053454,-0.021370,0.135069,0.078757,0.022866,-0.228203,0.085007,0.017352
-0.056997,-0.015261,0.059087,-0.019304,0.132215,0.080181,0.027015,-0.229394,0.087149,0.019241
-0.054803,-0.016153,0.059188,-0.020800,0.132886,0.081278,0.026453,-0.230087,0.086644,0.019268
-0.036662,-0.014703,0.048866,-0.024047,0.139878,0.079617,0.018301,-0.225298,0.080985,0.014153
-0.042761,-0.015515,0.052316,-0.021888,0.137805,0.079573,0.021648,-0.225863,0.082700,0.015852
-0.040440,-0.015255,0.051338,-0.023854,0.138634,0.080276,0.020064,-0.226627,0.082300,0.015396
-0.055891,-0.016041,0.059179,-0.018727,0.132492,0.079897,0.027135,-0.227809,0.086129,0.019090
-0.044199,-0.015101,0.053154,-0.023004,0.137441,0.080245,0.021320,-0.227403,0.083225,0.016110
-0.037844,-0.015903,0.050998,-0.025076,0.139579,0.081356,0.019273,-0.227160,0.081950,0.014867
-0.050193,-0.016827,0.056907,-0.019885,0.134497,0.080640,0.025801,-0.227344,0.085331,0.018075
-0.045220,-0.014585,0.053413,-0.023501,0.136901,0.080302,0.021099,-0.228076,0.083329,0.016284
-0.047257,-0.015894,0.055667,-0.023488,0.135302,0.081399,0.022773,-0.228479,0.084168,0.017372
-0.041025,-0.013625,0.050135,-0.024490,0.138102,0.079683,0.018851,-0.227509,0.082530,0.015150
-0.022342,-0.017751,0.045718,-0.028361,0.144581,0.082053,0.014210,-0.222120,0.076446,0.011340
-0.033044,-0.013226,0.046268,-0.027648,0.140692,0.079760,0.014735,-0.226178,0.079844,0.013254
-0.053568,-0.014592,0.056561,-0.019480,0.133593,0.079392,0.025354,-0.228657,0.086087,0.018137
-0.060877,-0.017560,0.062856,-0.017986,0.130863,0.081625,0.030712,-0.230782,0.089050,0.021152
-0.037319,-0.014481,0.049615,-0.025986,0.139687,0.080376,0.017537,-0.226552,0.081071,0.014319
-0.048758,-0.015756,0.055232,-0.021137,0.135156,0.080251,0.024242,-0.227830,0.085343,0.017691
-0.051877,-0.015352,0.057398,-0.022774,0.134411,0.081080,0.024333,-0.230706,0.085888,0.018604
-0.046793,-0.016270,0.055570,-0.023615,0.135767,0.081801,0.023089,-0.229407,0.084814,0.017545
-0.034587,-0.015511,0.048805,-0.025967,0.140005,0.080722,0.017635,-0.225699,0.080770,0.014230
-0.032805,-0.015355,0.047740,-0.024391,0.141197,0.079788,0.017285,-0.223746,0.079470,0.013144
-0.036836,-0.016924,0.051467,-0.023937,0.139384,0.080834,0.019586,-0.223877,0.080276,0.014451
-0.034216,-0.015024,0.048159,-0.026620,0.140749,0.080891,0.017120,-0.227113,0.081590,0.013953
-0.029144,-0.015327,0.045984,-0.026075,0.142434,0.080083,0.015478,-0.223641,0.078802,0.012388
-0.041978,-0.017775,0.054716,-0.022435,0.137662,0.081595,0.022592,-0.225398,0.082109,0.015938
-0.053058,-0.014386,0.056474,-0.021197,0.133327,0.079792,0.024463,-0.228906,0.086033,0.018245
-0.032068,-0.014251,0.047122,-0.028771,0.141781,0.081019,0.014904,-0.227182,0.080147,0.013257
-0.057419,-0.015616,0.059778,-0.019742,0.132301,0.080925,0.027388,-0.230861,0.087850,0.019395
-0.049434,-0.016050,0.055952,-0.021339,0.135482,0.081033,0.024778,-0.229603,0.086285,0.017760
-0.044770,-0.015203,0.053280,-0.023455,0.137054,0.080706,0.021862,-0.228731,0.084399,0.016603
-0.042008,-0.014066,0.051281,-0.024386,0.137676,0.079668,0.019306,-0.227000,0.082026,0.015486
-0.059179,-0.014511,0.059490,-0.019360,0.131103,0.079860,0.027287,-0.230218,0.087706,0.019879
-0.046195,-0.015427,0.054369,-0.022970,0.135569,0.080466,0.022147,-0.227273,0.083459,0.016963
-0.037529,-0.015867,0.050233,-0.023154,0.139125,0.080052,0.019722,-0.224546,0.081113,0.014617
-0.055184,-0.015852,0.058355,-0.019954,0.133095,0.080667,0.027015,-0.230293,0.088014,0.019332
-0.046147,-0.013843,0.052979,-0.023548,0.135937,0.080085,0.021087,-0.228850,0.083866,0.016584

