-0.011609,-0.640931,0.286341,0.043100,0.027804,-0.009992,-0.008631,-0.062630
0.399304,-0.614924,0.351638,-0.267634,-0.282772,0.450005,0.401411,-0.028651
0.538439,0.489635,0.392345,-0.295372,-0.521945,0.619087,0.474592,-0.301620
-0.067697,-0.880289,0.065481,0.003402,0.102122,-0.051244,-0.045660,0.271869
-0.639327,0.517443,0.391871,0.479703,0.287700,-0.424264,-0.621442,0.035442
0.267129,-0.179636,0.654361,-0.517441,-0.291582,0.389537,0.505700,0.002348
0.442581,-0.427967,0.311157,-0.301639,-0.360604,0.493608,0.436864,-0.128943
0.173781,0.560834,0.531197,-0.191859,-0.201420,0.196091,0.146386,-0.181647
0.018184,0.266455,0.866333,-0.077983,0.070382,-0.019986,0.017180,0.269131
-0.041588,-0.872749,-0.013570,0.039971,0.114160,-0.082837,-0.046013,0.060839
0.032464,-0.180829,0.281772,-0.067227,0.031522,-0.008213,0.040985,-0.071134
0.406241,-0.496726,0.060418,-0.327843,-0.371181,0.483356,0.451989,-0.095455
-0.795662,0.405033,1.186533,0.436358,0.528901,-0.604517,-0.714850,0.771388
-0.000511,0.491877,0.194997,0.007831,-0.096276,0.043654,-0.006909,-0.264506
0.439713,-0.341108,0.118150,-0.301607,-0.426656,0.507896,0.449372,-0.181339
0.495123,0.025913,0.423229,-0.210846,-0.527228,0.720930,0.376247,-0.060949
-0.458283,0.122247,0.261832,0.439129,0.043558,-0.057805,-0.556406,0.151434
0.448449,-0.220489,0.609683,-0.346486,-0.343402,0.502745,0.455630,0.046559
0.071685,0.461923,-0.037597,0.011659,-0.309264,0.282583,0.023689,-0.276352
-0.044849,-0.501849,0.035673,-0.034722,0.124449,-0.088206,-0.046775,0.168780
0.033527,-0.015928,0.190598,-0.044615,0.047575,-0.036058,0.002840,-0.084237
-1.013135,1.045114,1.580851,0.307117,0.627775,-0.729502,-0.760201,1.031133
-0.501804,0.153499,0.147594,0.543306,0.130987,-0.174431,-0.582210,0.199229
-0.074747,-0.317259,0.459331,0.070671,0.141191,-0.093471,-0.067691,0.194578
0.445870,0.041954,0.166377,-0.102060,-0.556940,0.701890,0.320353,-0.155454
-0.022957,0.196642,0.765206,-0.019701,0.105536,-0.073093,-0.051619,0.274460
-0.808002,1.069221,0.975196,0.025992,0.317578,-0.487095,-0.530726,0.452116
-0.704541,0.608430,0.794279,0.469776,0.350776,-0.491275,-0.653923,0.309460
0.534902,0.591673,0.403631,-0.398487,-0.504405,0.602356,0.525500,-0.218586
-0.134871,0.381378,0.545022,0.112441,-0.048537,-0.036751,-0.162790,-0.085681
0.448961,-0.052757,0.533730,-0.310581,-0.348151,0.504948,0.438358,-0.026100
-0.058722,-0.397713,0.409093,0.009610,0.107311,-0.049102,-0.053191,0.279412
-0.044280,-0.472855,0.391543,0.055319,0.120654,-0.070500,-0.054937,0.106682
-0.013583,-0.478142,0.556182,0.034847,0.052669,-0.022228,-0.035787,0.084090
0.014359,-0.325619,0.293176,-0.053065,0.062024,-0.023439,0.028227,-0.041387
-0.050306,-0.137402,0.645724,0.055109,0.125593,-0.074100,-0.047395,0.189809
0.494834,-0.224596,0.106288,-0.206471,-0.528878,0.687833,0.383647,-0.155436
-0.015198,-0.016191,0.384171,-0.002788,0.033578,-0.009644,-0.017475,0.097290
-0.035954,-0.227814,0.802333,0.027268,0.087703,-0.044610,-0.012850,0.241910
0.081800,-0.271757,-0.053124,-0.111447,-0.145813,0.148584,0.094024,-0.106597
-0.679435,0.306797,0.452988,0.452716,0.338423,-0.447819,-0.633616,0.294213
-0.033528,-0.243336,0.594065,0.052123,0.081722,-0.049082,-0.039307,0.145040
-0.028709,-0.616419,0.460398,0.046942,0.066280,-0.030259,-0.029192,0.047118
0.067123,0.269768,0.998269,-0.146970,0.010800,0.050638,0.091989,0.260385
0.436402,-0.251157,0.145714,-0.318958,-0.391474,0.508714,0.451960,-0.088604
0.354450,0.178366,0.159767,0.025972,-0.510748,0.604448,0.249770,-0.164148
-0.011253,0.072312,0.667096,-0.039524,0.083541,-0.049029,-0.019389,0.253429
-0.002824,-0.162195,0.445769,-0.018041,0.024441,-0.022078,-0.011286,0.006700
0.439226,-0.402541,0.493066,-0.304462,-0.336721,0.492871,0.430539,-0.053750

-0.010447,-0.431573,0.132471,0.035142,0.020995,-0.007734,-0.008287,-0.047943
0.343636,-0.349306,0.162511,-0.250923,-0.241196,0.395370,0.368996,-0.013297
0.475500,0.293208,0.187774,-0.282463,-0.461653,0.535146,0.436336,-0.176691
-0.061334,-0.567619,0.036890,0.002811,0.067444,-0.027903,-0.043457,0.234826
-0.546319,0.396447,0.270763,0.428235,0.242825,-0.311052,-0.537371,0.029464
0.249242,-0.093027,0.301901,-0.459026,-0.271167,0.367564,0.456900,0.000919
0.380011,-0.252325,0.144603,-0.281985,-0.309146,0.431592,0.398819,-0.061433
0.168729,0.344611,0.265090,-0.175249,-0.192157,0.190210,0.143720,-0.142722
0.017821,0.176895,0.392752,-0.069814,0.067536,-0.019701,0.016954,0.193890
-0.035412,-0.536589,-0.006357,0.030119,0.074854,-0.057564,-0.043294,0.044505
0.030399,-0.131278,0.156782,-0.055403,0.025121,-0.006408,0.039279,-0.061643
0.343939,-0.285512,0.028804,-0.303120,-0.309546,0.419516,0.408416,-0.043727
-0.650972,0.321216,0.637425,0.397454,0.447686,-0.497726,-0.603480,0.519743
-0.000494,0.360510,0.112442,0.007216,-0.084608,0.033593,-0.006776,-0.239717
0.376696,-0.205799,0.056235,-0.282272,-0.360052,0.440131,0.408733,-0.088074
0.440165,0.018784,0.199870,-0.205314,-0.456617,0.580619,0.355416,-0.040486
-0.412633,0.106268,0.185191,0.402795,0.036181,-0.036612,-0.494411,0.131608
0.397764,-0.136671,0.274436,-0.324026,-0.308646,0.449936,0.417817,0.022934
0.069227,0.359425,-0.021824,0.011068,-0.262142,0.180854,0.023325,-0.255827
-0.040541,-0.343969,0.020300,-0.026307,0.086459,-0.061765,-0.043889,0.140577
0.031502,-0.011770,0.107850,-0.036864,0.038327,-0.027958,0.002725,-0.073300
-0.762826,0.619585,0.739041,0.290847,0.544150,-0.614982,-0.635684,0.602556
-0.445378,0.134477,0.106319,0.481375,0.105774,-0.101157,-0.511746,0.171499
-0.070357,-0.240922,0.217116,0.060959,0.118435,-0.079632,-0.065876,0.151604
0.399047,0.031001,0.081336,-0.100410,-0.471652,0.554280,0.305915,-0.104179
-0.022401,0.134356,0.356948,-0.017339,0.099814,-0.071505,-0.050765,0.195986
-0.663823,0.600641,0.593101,0.025464,0.300811,-0.445744,-0.481547,0.339268
-0.595872,0.457846,0.495499,0.425878,0.308584,-0.395802,-0.564603,0.252316
0.475853,0.325642,0.199013,-0.372521,-0.453083,0.530429,0.476339,-0.122999
-0.130759,0.268954,0.268952,0.100619,-0.045564,-0.035271,-0.159043,-0.067706
0.401729,-0.033313,0.248445,-0.293424,-0.316186,0.453253,0.404867,-0.013343
-0.055467,-0.308151,0.224654,0.008536,0.083011,-0.031934,-0.051628,0.247353
-0.040977,-0.341064,0.183864,0.046412,0.096787,-0.058125,-0.053148,0.082234
-0.012656,-0.333921,0.252184,0.029226,0.043676,-0.019432,-0.034688,0.063594
0.013311,-0.232434,0.161430,-0.042924,0.047272,-0.017462,0.026925,-0.035697
-0.048214,-0.105924,0.295175,0.048775,0.111351,-0.067034,-0.046434,0.149244
0.427700,-0.157233,0.050941,-0.199927,-0.440675,0.540647,0.359318,-0.096283
-0.014572,-0.013195,0.213720,-0.002549,0.027987,-0.006746,-0.017091,0.089417
-0.034382,-0.173606,0.343912,0.024193,0.077471,-0.040249,-0.012594,0.188615
0.075907,-0.210041,-0.029851,-0.098511,-0.110672,0.091068,0.090641,-0.096774
-0.572078,0.249668,0.312524,0.407011,0.280694,-0.334545,-0.545696,0.234024
-0.031780,-0.184881,0.269574,0.045449,0.070415,-0.042951,-0.038368,0.114162
-0.026277,-0.421787,0.208781,0.039002,0.051827,-0.024417,-0.028178,0.036238
0.065921,0.178970,0.432075,-0.133914,0.010466,0.050026,0.090767,0.192522
0.379012,-0.154641,0.070737,-0.298243,-0.338791,0.446004,0.412068,-0.043348
0.325927,0.131927,0.079185,0.025623,-0.440212,0.495765,0.241699,-0.109760
-0.010939,0.049429,0.320386,-0.034496,0.078598,-0.047925,-0.019051,0.179663
-0.002693,-0.110034,0.218702,-0.015183,0.022109,-0.021135,-0.011003,0.004820
0.382773,-0.240087,0.223049,-0.285392,-0.294682,0.435741,0.395194,-0.025823

0.004803,0.009367,-0.079098,-0.071425,0.093293,-0.013816,0.081469,-0.139990
-0.724831,-0.810751,0.202852,0.256849,-0.253676,0.818795,-0.272244,0.360763
-0.864086,-1.128934,0.432798,0.422761,-0.541715,1.133030,-0.461686,0.601064
0.099107,0.135703,-0.286986,-0.234759,0.265130,-0.102581,0.303385,-0.314627
0.819520,0.352985,-0.789512,-0.820406,0.786298,-0.382867,0.832221,-0.849630
-0.690962,-0.835936,0.154305,0.207146,-0.183748,0.832566,-0.233000,0.304661
-0.762334,-0.887922,0.215418,0.261400,-0.282754,0.867222,-0.290230,0.381324
-0.501097,-0.705377,0.317482,0.260570,-0.347687,0.683752,-0.280006,0.302936
0.059028,-0.027390,0.048258,-0.019385,0.083362,-0.046016,0.003639,-0.120286
0.102399,0.170692,-0.218349,-0.165030,0.156275,-0.147965,0.230687,-0.245762
-0.066643,-0.099935,0.047945,0.039280,-0.038185,0.100009,-0.022142,-0.022526
-0.776728,-0.868344,0.162739,0.236100,-0.246856,0.882567,-0.222506,0.353755
1.137677,0.823814,-1.505175,-1.422634,1.782393,-0.801912,1.244352,-1.354909
-0.027672,-0.090745,0.044570,-0.012176,-0.016956,0.087831,0.043597,-0.056822
-0.786481,-0.964816,0.252756,0.290904,-0.328989,0.953773,-0.306319,0.411114
-0.930550,-1.249646,0.523637,0.523574,-0.612536,1.288906,-0.546948,0.661073
0.568211,0.196543,-0.576136,-0.625846,0.500221,-0.175161,0.632934,-0.625319
-0.770401,-0.765549,0.207082,0.253819,-0.242588,0.753645,-0.314891,0.401093
-0.327853,-0.634078,0.468606,0.303079,-0.361407,0.695735,-0.254476,0.249158
0.122922,0.167242,-0.164240,-0.148541,0.153344,-0.139075,0.236737,-0.261522
-0.003133,-0.065412,0.040832,0.005911,-0.014569,0.037812,0.029101,-0.070618
1.205896,0.790874,-1.761575,-1.623889,2.008535,-0.775625,1.434859,-1.496743
0.619952,0.233695,-0.669423,-0.702827,0.613705,-0.237147,0.731485,-0.704254
0.293112,0.401523,-0.320379,-0.305224,0.326825,-0.403249,0.279796,-0.343330
-0.906231,-1.222885,0.424541,0.472439,-0.534634,1.260155,-0.463874,0.601760
0.279790,0.321843,-0.219083,-0.242027,0.339638,-0.376516,0.180232,-0.310175
1.050367,0.758327,-1.257899,-1.229533,1.256063,-0.773685,1.126416,-1.166055
0.929101,0.434567,-0.947569,-0.970745,0.983907,-0.467279,0.911626,-0.980956
-0.836655,-0.870002,0.209206,0.252165,-0.309161,0.868981,-0.276677,0.450193
0.318059,0.434743,-0.249947,-0.327423,0.246187,-0.459201,0.230531,-0.368693
-0.768228,-0.846398,0.215357,0.254297,-0.284640,0.841895,-0.278578,0.391405
0.184788,0.200794,-0.309111,-0.285162,0.335601,-0.187960,0.309845,-0.344586
0.196962,0.271100,-0.237738,-0.219729,0.234749,-0.276579,0.224819,-0.280707
0.081261,0.176552,-0.135854,-0.154001,0.224884,-0.184539,0.091747,-0.220319
-0.025679,-0.037998,0.003312,-0.001459,0.002558,0.049559,0.031534,-0.070160
0.256707,0.326408,-0.265614,-0.274665,0.295959,-0.344113,0.239463,-0.316995
-0.944153,-1.257983,0.427697,0.467912,-0.549677,1.302024,-0.467761,0.611138
0.098106,0.092696,-0.137501,-0.145849,0.171277,-0.086902,0.181704,-0.216152
0.195150,0.369209,-0.198021,-0.220285,0.454934,-0.363833,0.111931,-0.255353
-0.344274,-0.521886,0.266955,0.246373,-0.258696,0.585759,-0.140991,0.138707
0.878646,0.402654,-0.926040,-0.920736,0.930002,-0.423268,0.941564,-0.946804
0.180187,0.272374,-0.182664,-0.190477,0.262704,-0.289608,0.150851,-0.243949
0.093741,0.144389,-0.136738,-0.139749,0.219988,-0.151732,0.125153,-0.210263
-0.181098,-0.344616,0.155316,0.125331,-0.080875,0.274199,-0.156246,0.076688
-0.788332,-0.886339,0.201062,0.263998,-0.284719,0.896015,-0.256035,0.390167
-0.758220,-1.115954,0.462331,0.465241,-0.476130,1.149748,-0.433140,0.492262
0.170067,0.137753,-0.086250,-0.135546,0.192638,-0.196903,0.117069,-0.232004
0.060970,-0.010113,-0.051263,-0.083189,0.096170,-0.040310,0.055537,-0.147811
-0.756103,-0.820446,0.196771,0.244752,-0.245313,0.800048,-0.288907,0.368662

0.003346,0.004483,-0.037840,-0.036291,0.040670,-0.006799,0.046609,-0.100164
-0.510253,-0.599462,0.025245,0.043924,-0.032749,0.601166,-0.059219,0.136710
-0.652821,-0.787422,0.034270,0.047156,-0.055268,0.787228,-0.062952,0.123668
0.087400,0.076867,-0.145798,-0.125170,0.135061,-0.062455,0.169889,-0.189721
0.476342,0.029197,-0.625058,-0.631019,0.615042,-0.035597,0.639549,-0.648656
-0.498800,-0.616598,0.023626,0.061941,-0.023259,0.618234,-0.098296,0.237902
-0.542340,-0.655218,0.021724,0.038261,-0.030299,0.643841,-0.055346,0.134265
-0.356777,-0.455094,0.114791,0.130822,-0.109076,0.449020,-0.169929,0.253728
0.041677,-0.011415,0.033500,-0.015418,0.050237,-0.020408,0.003113,-0.114690
0.068519,0.069288,-0.110667,-0.087754,0.072413,-0.062840,0.134962,-0.173839
-0.052082,-0.058686,0.022383,0.018721,-0.017377,0.059381,-0.011582,-0.014164
-0.546553,-0.644591,0.016306,0.034616,-0.025911,0.649978,-0.042869,0.124428
0.358317,0.010861,-0.895646,-0.880532,0.923105,-0.012621,0.839537,-0.872035
-0.025855,-0.070051,0.021908,-0.006256,-0.008860,0.069573,0.024062,-0.034433
-0.572958,-0.700519,0.022466,0.037237,-0.032600,0.694832,-0.050743,0.119973
-0.706157,-0.826156,0.044019,0.067417,-0.067892,0.837584,-0.086475,0.148253
0.473416,0.060568,-0.454772,-0.484210,0.402429,-0.064407,0.494139,-0.485069
-0.534320,-0.590739,0.024822,0.046297,-0.029483,0.581097,-0.074870,0.181742
-0.307024,-0.502027,0.152653,0.122609,-0.136680,0.549020,-0.117377,0.132866
0.086682,0.070187,-0.090934,-0.084342,0.079470,-0.060818,0.143711,-0.183566
-0.002521,-0.038231,0.020501,0.003000,-0.007210,0.022541,0.015993,-0.045082
0.403859,0.007476,-0.937205,-0.920678,0.952051,-0.009210,0.889395,-0.903390
0.491952,0.049816,-0.531669,-0.547598,0.492689,-0.061638,0.567623,-0.547516
0.187272,0.125892,-0.206831,-0.201537,0.194773,-0.129717,0.197382,-0.271621
-0.694296,-0.814537,0.042458,0.070543,-0.068513,0.826675,-0.085896,0.153298
0.191638,0.107005,-0.162737,-0.200605,0.214747,-0.135007,0.159590,-0.292247
0.425949,0.030182,-0.828031,-0.823803,0.809335,-0.035617,0.796549,-0.818068
0.418155,0.016808,-0.719551,-0.723346,0.726975,-0.019490,0.698697,-0.732300
-0.585876,-0.670172,0.019125,0.037967,-0.030232,0.666610,-0.056568,0.185664
0.212024,0.143628,-0.182431,-0.261995,0.157496,-0.163479,0.200396,-0.341139
-0.534090,-0.631741,0.027029,0.048555,-0.036368,0.626485,-0.069710,0.182978
0.163861,0.111604,-0.179291,-0.170594,0.195011,-0.111267,0.192785,-0.225571
0.129198,0.098831,-0.140246,-0.134183,0.126867,-0.103780,0.148790,-0.216210
0.052061,0.066966,-0.080117,-0.104144,0.110998,-0.073919,0.069541,-0.197165
-0.020036,-0.021434,0.001573,-0.000702,0.001182,0.028406,0.016583,-0.043821
0.162697,0.105029,-0.178841,-0.193843,0.180615,-0.113738,0.181466,-0.270174
-0.710123,-0.827383,0.031656,0.052874,-0.052348,0.840480,-0.066682,0.126502
0.090429,0.061992,-0.076421,-0.084737,0.097592,-0.060971,0.111077,-0.141829
0.128218,0.130692,-0.131841,-0.155623,0.258102,-0.131477,0.085728,-0.221305
-0.316442,-0.410593,0.078025,0.084050,-0.083979,0.463290,-0.055137,0.063581
0.433012,0.021315,-0.699855,-0.689735,0.691141,-0.025093,0.701554,-0.706993
0.118075,0.099587,-0.115127,-0.126519,0.148686,-0.108227,0.108740,-0.202764
0.062636,0.059916,-0.074212,-0.080473,0.106434,-0.064796,0.079964,-0.162605
-0.130323,-0.171789,0.094990,0.092336,-0.042727,0.144172,-0.126206,0.072424
-0.558913,-0.659270,0.020249,0.039144,-0.030636,0.661921,-0.049660,0.136834
-0.614758,-0.767678,0.070422,0.097904,-0.091730,0.781509,-0.109350,0.160024
0.117893,0.051896,-0.060576,-0.108460,0.115200,-0.079887,0.100783,-0.219224
0.042804,-0.004504,-0.030939,-0.059754,0.048374,-0.019239,0.044474,-0.137850
-0.526144,-0.615417,0.022248,0.041354,-0.028296,0.602795,-0.064129,0.156250

