-0.044037,0.029637,-0.372095,0.116488,0.026251,-0.033858,0.004443,-0.044485,0.009335
-0.072452,0.104451,-0.081954,0.044797,0.018525,-0.091715,0.009279,-0.046853,-0.085930
-0.547210,0.439843,-0.657913,0.573504,-0.543372,-0.575621,0.131809,-0.185960,-0.430713
0.089930,-0.116858,-0.734212,-0.124476,0.080584,0.088686,-0.110484,0.019568,0.047665
0.514555,-0.484197,-0.597557,0.004856,0.296623,0.566248,-0.347174,0.700826,0.466704
0.279567,-0.237887,-0.256552,-0.109369,0.420671,0.358875,-0.465339,0.780809,0.547125
-0.487661,0.315309,-1.103680,0.210037,-0.493664,-0.520933,0.026205,-0.198992,-0.346978
-0.372985,0.172557,-1.042711,0.511436,-0.853567,-0.525312,0.307535,-0.486270,-0.802023
-0.092052,0.052169,-0.380411,0.672541,-0.122218,-0.118020,0.134133,-0.109837,-0.062877
-0.156376,0.231217,-0.662868,0.292020,-0.151985,-0.173455,0.116495,0.027926,-0.177279
0.051533,-0.092583,-0.551711,0.238824,0.010996,0.044315,-0.025984,-0.039486,0.065207
-0.042252,0.012924,-1.174501,0.400070,-0.187476,-0.063081,0.031412,-0.026751,-0.118508
0.030266,-0.024770,-0.268023,-0.094110,0.054606,0.020385,0.121872,-0.074012,0.023434
-0.440811,0.247311,-1.011126,1.088216,-0.742838,-0.577041,0.375418,-0.539930,-0.757347
-0.002891,0.014665,-0.241743,0.282489,0.005583,-0.035649,0.059382,-0.004470,-0.033329
-0.430534,0.256293,-1.028224,0.558881,-0.845008,-0.576587,0.368785,-0.503230,-0.868948
-0.559295,0.482786,-0.576789,0.168412,-0.526668,-0.570782,0.156116,-0.143888,-0.419237
-0.108010,0.105213,-1.206343,0.215915,-0.073894,-0.093598,-0.009396,-0.017301,-0.080967
0.025988,-0.028740,-0.251135,0.070969,0.014310,-0.004195,0.002935,-0.032287,-0.036313
-0.475418,0.379736,-0.307305,0.102989,-0.514057,-0.562675,0.236118,-0.386649,-0.642521
0.398879,-0.330733,-0.203428,-0.081302,0.312478,0.476935,-0.306675,0.626705,0.506597
-0.432981,0.244801,-1.386003,0.788700,-0.915710,-0.576880,0.421292,-0.514865,-0.868447
-0.578399,0.459508,-1.650379,1.485901,-1.290736,-0.746128,0.646144,-0.564723,-1.286108
-0.550577,0.421081,-1.221315,1.317431,-1.042940,-0.698761,0.515830,-0.549977,-1.049217
-0.073903,0.092590,-0.409706,0.635115,-0.071186,-0.102683,0.108568,-0.014475,-0.098195
-0.498139,0.373068,-0.763762,0.341406,-0.597641,-0.586150,0.314923,-0.423115,-0.682769
0.116465,-0.224959,-0.694764,-0.102399,0.077685,0.133735,-0.204807,0.068073,0.200124
-0.522560,0.400891,-1.152756,0.362120,-0.638317,-0.584532,0.263743,-0.410187,-0.636047
-0.551983,0.464011,-0.748412,0.175364,-0.504630,-0.563730,0.095962,-0.147884,-0.409480
-0.509348,0.336207,-1.159250,1.376180,-0.817912,-0.629163,0.484901,-0.554918,-0.768600
-0.051559,0.018974,-0.125432,-0.069504,-0.043008,-0.062141,0.144097,-0.085560,-0.026985
-0.026620,0.055211,-0.109458,0.059643,-0.002177,-0.053862,0.230494,-0.104785,-0.023760
-0.070272,0.100688,-0.011829,0.044027,0.029307,-0.087943,-0.003428,-0.047695,-0.074987
-0.113024,0.089374,-0.598078,0.414781,-0.123515,-0.123365,0.121702,-0.080651,-0.078793
-0.472094,0.315947,-0.824888,0.708788,-0.876543,-0.628680,0.439314,-0.532374,-0.924288
-0.245700,-0.040172,-1.934255,1.104850,-0.923301,-0.414377,0.252618,-0.488685,-0.693195
-0.586329,0.540655,-0.905440,0.253658,-0.592217,-0.622614,0.232727,-0.342600,-0.669966
0.520066,-0.469328,-0.525095,0.233357,0.107599,0.549170,-0.258062,0.604440,0.276091
-0.559119,0.436008,-1.052608,0.988511,-0.760617,-0.642167,0.407841,-0.500698,-0.709052
0.371102,-0.288405,-0.040665,-0.097690,0.286354,0.439250,-0.187081,0.595788,0.461012
-0.536042,0.404680,-1.051080,0.310253,-0.516185,-0.558067,0.089093,-0.192011,-0.414310
-0.498077,0.351326,-0.965571,0.714454,-0.710654,-0.601200,0.347643,-0.480014,-0.724172
0.350009,-0.338970,-0.516883,-0.214402,0.452496,0.437010,-0.518819,0.799743,0.629391
0.301070,-0.276268,-0.517335,-0.093589,0.446759,0.390858,-0.517745,0.795540,0.583909
-0.562023,0.443946,-0.868660,0.891025,-0.815707,-0.667255,0.500309,-0.511807,-0.832761
-0.463574,0.292061,-0.934914,0.654187,-0.749631,-0.590516,0.400967,-0.498325,-0.802954
0.320584,-0.306907,-0.374106,-0.156699,0.434216,0.405227,-0.415211,0.775171,0.603632
-0.036762,0.069643,-0.684960,-0.037444,0.015790,-0.031742,0.081874,-0.051264,-0.024098
0.005217,0.014610,-0.828708,-0.056846,0.099043,0.017553,-0.062028,-0.013146,-0.001446

-0.041570,0.027348,-0.235512,0.076892,0.018379,-0.032155,0.003638,-0.036384,0.008849
-0.067345,0.094363,-0.055468,0.029501,0.012935,-0.085828,0.007356,-0.036707,-0.080736
-0.476427,0.404077,-0.505777,0.427383,-0.477860,-0.497332,0.112723,-0.128044,-0.397977
0.086629,-0.110782,-0.395745,-0.085096,0.058051,0.085672,-0.095274,0.017301,0.045914
0.463533,-0.442121,-0.326713,0.002172,0.195189,0.499953,-0.301886,0.583608,0.411541
0.251738,-0.224659,-0.207852,-0.047380,0.341293,0.318302,-0.387840,0.576631,0.477667
-0.433700,0.299027,-0.702888,0.172675,-0.442646,-0.459679,0.022850,-0.143620,-0.328083
-0.354119,0.169620,-0.469555,0.394262,-0.587036,-0.477584,0.259510,-0.421073,-0.645047
-0.090668,0.050801,-0.177148,0.402341,-0.067532,-0.115904,0.118013,-0.102645,-0.060195
-0.146661,0.220226,-0.468231,0.242903,-0.140022,-0.164570,0.096209,0.019416,-0.171818
0.049745,-0.087570,-0.297049,0.156470,0.007301,0.042888,-0.022225,-0.034869,0.062100
-0.041855,0.012686,-0.398326,0.267949,-0.106380,-0.062374,0.028420,-0.025497,-0.114217
0.028341,-0.023308,-0.137128,-0.077117,0.037705,0.019351,0.074603,-0.056598,0.021035
-0.410361,0.240410,-0.538905,0.663189,-0.572827,-0.514664,0.321016,-0.443390,-0.624833
-0.002687,0.014016,-0.172348,0.229678,0.004919,-0.033764,0.045760,-0.003150,-0.032027
-0.402721,0.248823,-0.472693,0.424139,-0.581870,-0.515249,0.303461,-0.429613,-0.677996
-0.478448,0.434871,-0.457054,0.136946,-0.463927,-0.487621,0.126770,-0.092131,-0.386561
-0.106274,0.102389,-0.462663,0.151376,-0.046504,-0.092076,-0.008408,-0.016175,-0.078290
0.025046,-0.027201,-0.150869,0.047550,0.009758,-0.004054,0.002498,-0.028183,-0.034695
-0.417452,0.346400,-0.220661,0.081902,-0.412620,-0.480540,0.157768,-0.260291,-0.524752
0.358386,-0.306194,-0.132757,-0.033593,0.198248,0.417582,-0.246855,0.512998,0.422537
-0.405854,0.238763,-0.537474,0.555925,-0.622533,-0.517107,0.355826,-0.446393,-0.683835
-0.520002,0.428133,-0.555363,0.767641,-0.731208,-0.630197,0.517809,-0.486011,-0.840476
-0.499147,0.396186,-0.525660,0.736142,-0.674580,-0.600555,0.431369,-0.472355,-0.765564
-0.069913,0.089458,-0.295747,0.474977,-0.064680,-0.098272,0.089587,-0.010546,-0.095373
-0.446347,0.348156,-0.487104,0.269214,-0.484802,-0.509652,0.238579,-0.312043,-0.568205
0.113893,-0.214698,-0.318021,-0.070611,0.048836,0.130623,-0.179806,0.063720,0.190452
-0.466265,0.372834,-0.639740,0.287119,-0.518301,-0.510175,0.208439,-0.306065,-0.543104
-0.475450,0.421657,-0.560745,0.143535,-0.449560,-0.484906,0.080245,-0.097332,-0.379884
-0.465615,0.321795,-0.592274,0.736345,-0.617653,-0.551991,0.407159,-0.453554,-0.633340
-0.049878,0.017813,-0.059693,-0.045383,-0.021046,-0.060105,0.112365,-0.076511,-0.024805
-0.024779,0.051561,-0.058453,0.048674,-0.001493,-0.050821,0.134184,-0.076827,-0.021138
-0.064838,0.090186,-0.008066,0.028817,0.020390,-0.081833,-0.002689,-0.036777,-0.070246
-0.111058,0.086772,-0.276049,0.272263,-0.071239,-0.120977,0.106673,-0.075065,-0.075533
-0.436476,0.303244,-0.411697,0.507350,-0.588715,-0.551642,0.352446,-0.447744,-0.701887
-0.240296,-0.040053,-0.581420,0.687321,-0.652409,-0.390935,0.234490,-0.439171,-0.592806
-0.505313,0.479622,-0.598710,0.206111,-0.497151,-0.528854,0.178077,-0.230734,-0.564990
0.472834,-0.432931,-0.234099,0.103318,0.056958,0.493116,-0.229653,0.529465,0.251871
-0.500255,0.405855,-0.605282,0.631492,-0.595033,-0.557308,0.339801,-0.392646,-0.596508
0.332382,-0.266818,-0.026425,-0.039168,0.173836,0.384568,-0.147615,0.487099,0.380644
-0.470395,0.376337,-0.692014,0.251298,-0.460569,-0.487010,0.077665,-0.136034,-0.385907
-0.452263,0.332508,-0.545746,0.505888,-0.551060,-0.526945,0.279867,-0.375844,-0.598661
0.314019,-0.315920,-0.390847,-0.093899,0.367097,0.384195,-0.431077,0.597752,0.537216
0.273447,-0.261203,-0.398676,-0.042051,0.368955,0.348339,-0.434205,0.593075,0.508494
-0.501362,0.411024,-0.506289,0.586471,-0.601835,-0.572319,0.384703,-0.396253,-0.658125
-0.427573,0.280999,-0.519849,0.477507,-0.573572,-0.522552,0.328749,-0.405554,-0.647513
0.287945,-0.286768,-0.291247,-0.067552,0.348528,0.357247,-0.350194,0.579692,0.516606
-0.034553,0.066107,-0.370545,-0.031374,0.012401,-0.030216,0.055221,-0.038124,-0.022509
0.004929,0.014005,-0.446897,-0.048158,0.081764,0.016789,-0.045476,-0.010010,-0.001374

-0.109535,0.154254,0.143183,-0.069325,-0.124870,-0.116599,-0.069741,0.115030,-0.129327
-0.240524,0.289783,0.262159,-0.196587,-0.249378,-0.237604,-0.219848,0.238375,-0.239522
-0.838299,0.771331,0.155619,-0.785656,-0.770564,-0.158634,-0.832716,0.749804,-0.181530
0.093086,-0.049859,-0.380034,0.131057,0.095765,0.347980,0.137220,-0.112891,0.336376
0.049397,-0.037949,-0.818781,0.518014,0.142411,0.861438,0.064355,-0.168107,0.871838
0.296728,-0.340665,-1.333834,0.652023,0.501400,1.247431,0.283845,-0.505751,1.244543
-0.785515,0.669789,0.057679,-0.745242,-0.683463,-0.153412,-0.782254,0.661854,-0.165429
-1.313843,1.404604,0.587593,-0.970125,-1.310460,-0.436616,-1.337135,1.283337,-0.461136
-0.363555,0.529037,0.364263,-0.220069,-0.413431,-0.328456,-0.335824,0.386664,-0.337695
-0.636758,0.653829,0.236550,-0.509822,-0.620334,-0.271202,-0.623605,0.600814,-0.256818
0.053626,0.071472,-0.063134,0.158452,0.017048,0.135340,0.094818,-0.037165,0.122010
-0.332555,0.555971,0.248654,-0.147942,-0.398982,-0.211092,-0.306864,0.353345,-0.216806
-0.012515,-0.017304,-0.000141,-0.037865,-0.001997,0.048757,0.031949,-0.007450,0.021628
-1.243499,1.303246,0.460641,-0.984720,-1.245108,-0.354127,-1.250993,1.214437,-0.371972
-0.187090,0.228014,0.099033,-0.156019,-0.219047,-0.070749,-0.145652,0.191139,-0.082547
-1.381351,1.523129,0.597207,-1.009164,-1.394826,-0.429944,-1.412091,1.367952,-0.447243
-0.851089,0.783320,0.149149,-0.768054,-0.782933,-0.177417,-0.845591,0.764895,-0.201893
-0.315784,0.399946,0.291782,-0.194863,-0.333360,-0.274375,-0.274758,0.311567,-0.275357
-0.057270,0.097105,-0.045303,-0.037092,-0.068608,0.035323,-0.015177,0.052246,0.027138
-0.932767,0.906521,0.329940,-0.813152,-0.902172,-0.309673,-0.925163,0.899461,-0.335450
0.193718,-0.165824,-0.787823,0.578671,0.280247,0.852370,0.195971,-0.304296,0.840139
-1.402758,1.586499,0.586902,-1.017020,-1.428836,-0.406441,-1.424932,1.397208,-0.428114
-1.810849,2.721344,0.589863,-1.107532,-1.973267,-0.329543,-1.945013,1.873873,-0.339972
-1.600766,1.994995,0.580968,-1.081241,-1.667962,-0.357112,-1.664530,1.616065,-0.369939
-0.468926,0.522366,0.254216,-0.362947,-0.490568,-0.221592,-0.447861,0.463054,-0.208250
-1.014770,1.044158,0.300980,-0.878396,-1.006620,-0.282490,-0.997068,0.989679,-0.311184
0.187734,-0.158242,-0.668768,0.236525,0.215633,0.628916,0.224905,-0.231907,0.605245
-0.923027,0.946275,0.211622,-0.856300,-0.917253,-0.215246,-0.894600,0.908032,-0.252092
-0.838956,0.756772,0.138005,-0.767469,-0.765638,-0.181146,-0.834100,0.746570,-0.205121
-1.308327,1.550272,0.484688,-0.999184,-1.343331,-0.354344,-1.324185,1.314419,-0.368756
-0.170014,0.190261,0.154481,-0.142045,-0.175989,-0.148212,-0.129916,0.168389,-0.174225
-0.193097,0.147362,0.204145,-0.172192,-0.181585,-0.153224,-0.160785,0.175324,-0.174318
-0.221686,0.246491,0.225764,-0.184466,-0.225809,-0.205034,-0.199556,0.217997,-0.208102
-0.433960,0.627983,0.457043,-0.229469,-0.478367,-0.383678,-0.416601,0.447473,-0.382013
-1.462883,1.653492,0.607310,-1.039207,-1.489900,-0.419441,-1.511145,1.457098,-0.429779
-1.247518,1.334444,0.668244,-0.857902,-1.219336,-0.489463,-1.262306,1.185435,-0.513013
-0.790599,0.719742,0.060534,-0.839389,-0.723761,-0.069378,-0.759187,0.709497,-0.111347
0.154083,-0.073234,-0.818993,0.450983,0.195580,0.880783,0.176757,-0.220660,0.886305
-1.126925,1.207890,0.332734,-0.954185,-1.144930,-0.279533,-1.117296,1.128159,-0.301529
0.192793,-0.205800,-0.800938,0.490469,0.280722,0.836979,0.204595,-0.301404,0.818193
-0.834032,0.748650,0.115738,-0.776612,-0.754716,-0.165748,-0.828895,0.733433,-0.185179
-1.221032,1.377112,0.526359,-0.928060,-1.235377,-0.413472,-1.229645,1.209983,-0.421332
0.287790,-0.348681,-1.550742,0.709050,0.534601,1.357223,0.269471,-0.531241,1.362021
0.287130,-0.339625,-1.411205,0.692681,0.512675,1.293121,0.269599,-0.513985,1.297188
-1.394150,1.791299,0.570603,-0.975837,-1.456677,-0.399767,-1.440639,1.403909,-0.398314
-1.298777,1.412608,0.482236,-0.986187,-1.299859,-0.371899,-1.316816,1.274407,-0.379510
0.299888,-0.360315,-1.419844,0.675735,0.526784,1.302285,0.285585,-0.528389,1.301044
-0.116702,0.103392,0.045855,-0.175539,-0.122099,-0.056191,-0.070109,0.104879,-0.074099
0.022431,-0.003884,-0.295991,-0.093209,0.034054,0.122648,0.072300,-0.060181,0.105974

-0.069308,0.089147,0.058224,-0.063496,-0.074043,-0.054633,-0.041323,0.070212,-0.063428
-0.157577,0.178486,0.088719,-0.170174,-0.151680,-0.098310,-0.136092,0.149579,-0.105700
-0.663943,0.621689,0.005595,-0.618862,-0.612491,-0.015082,-0.661642,0.604193,-0.025362
0.043662,-0.019050,-0.229147,0.124021,0.042077,0.217572,0.056129,-0.050731,0.210745
0.003678,-0.002124,-0.659105,0.431657,0.012349,0.675519,0.003461,-0.015298,0.677819
0.018989,-0.023576,-0.851606,0.306643,0.034440,0.829661,0.014649,-0.036458,0.829143
-0.616693,0.539333,0.004393,-0.590055,-0.533954,-0.027824,-0.615117,0.525562,-0.040007
-0.854576,0.859918,0.007137,-0.747212,-0.843439,-0.011820,-0.859130,0.837902,-0.016988
-0.305506,0.369752,0.071625,-0.215938,-0.325921,-0.081302,-0.275844,0.308969,-0.094905
-0.455093,0.449620,0.061336,-0.408677,-0.411268,-0.109853,-0.445800,0.410665,-0.122397
0.034875,0.036461,-0.031582,0.155237,0.010375,0.070365,0.056407,-0.022919,0.065632
-0.272495,0.354505,0.066638,-0.146550,-0.303240,-0.066975,-0.243527,0.272267,-0.076046
-0.006368,-0.008425,-0.000070,-0.030238,-0.000941,0.027124,0.014769,-0.003684,0.012257
-0.838771,0.846568,0.003618,-0.751619,-0.832054,-0.006874,-0.840492,0.824787,-0.010212
-0.111521,0.129708,0.051193,-0.123135,-0.116490,-0.045205,-0.083716,0.106988,-0.056184
-0.873623,0.889436,0.004854,-0.764260,-0.868580,-0.008178,-0.879579,0.863604,-0.012018
-0.663359,0.620128,0.006469,-0.603295,-0.607701,-0.019114,-0.660955,0.601704,-0.031040
-0.254667,0.265321,0.076074,-0.191760,-0.251836,-0.085762,-0.214749,0.236696,-0.094865
-0.037235,0.052679,-0.019901,-0.036023,-0.041128,0.017041,-0.009066,0.032008,0.013567
-0.704403,0.684032,0.008162,-0.631543,-0.672882,-0.016417,-0.699263,0.675163,-0.023579
0.015513,-0.013561,-0.633433,0.334202,0.026440,0.662187,0.012083,-0.030854,0.653759
-0.880072,0.903546,0.003813,-0.767777,-0.879084,-0.006440,-0.884295,0.873365,-0.009766
-0.946411,0.986128,0.000923,-0.802993,-0.958345,-0.001488,-0.958372,0.950487,-0.002515
-0.919451,0.956318,0.001451,-0.793316,-0.925857,-0.002454,-0.928378,0.919046,-0.004004
-0.332078,0.352542,0.086304,-0.294264,-0.319155,-0.107290,-0.315316,0.313828,-0.114711
-0.751212,0.755598,0.004360,-0.681260,-0.735686,-0.009606,-0.743587,0.731488,-0.014537
0.073295,-0.043623,-0.445565,0.227338,0.078389,0.424799,0.072090,-0.085346,0.409384
-0.711295,0.716150,0.003271,-0.662429,-0.696926,-0.008244,-0.697956,0.695414,-0.013360
-0.655000,0.602560,0.006815,-0.604563,-0.595023,-0.022270,-0.652891,0.588247,-0.035422
-0.859303,0.903163,0.002232,-0.759415,-0.863171,-0.004214,-0.863180,0.857108,-0.006579
-0.126750,0.114539,0.050802,-0.139987,-0.119938,-0.055064,-0.090969,0.115862,-0.068718
-0.121190,0.089706,0.071722,-0.139828,-0.105512,-0.066216,-0.095186,0.106393,-0.079223
-0.141417,0.149770,0.080891,-0.155582,-0.133587,-0.089447,-0.119719,0.133300,-0.096416
-0.357562,0.421080,0.087616,-0.224926,-0.369120,-0.092457,-0.335112,0.349706,-0.104867
-0.892904,0.914668,0.003344,-0.776795,-0.891923,-0.005653,-0.901360,0.886466,-0.008496
-0.835251,0.837657,0.012332,-0.694059,-0.816499,-0.019486,-0.837816,0.808472,-0.026882
-0.643185,0.597497,0.001214,-0.644747,-0.591765,-0.003993,-0.625901,0.585807,-0.009353
0.023854,-0.006497,-0.646889,0.415371,0.030935,0.669744,0.019971,-0.036035,0.669582
-0.803515,0.824907,0.001911,-0.733018,-0.803807,-0.004255,-0.800267,0.799589,-0.006780
0.020211,-0.021078,-0.629363,0.310126,0.032431,0.643249,0.016519,-0.037751,0.631139
-0.655053,0.600565,0.005538,-0.612908,-0.593056,-0.020293,-0.653101,0.584688,-0.031950
-0.831362,0.863322,0.004303,-0.725150,-0.828128,-0.007986,-0.833620,0.822117,-0.011762
0.011725,-0.015273,-0.903061,0.312021,0.023858,0.865152,0.008695,-0.024970,0.865866
0.015039,-0.019263,-0.873493,0.319765,0.029577,0.846046,0.011392,-0.030958,0.847025
-0.879767,0.935282,0.002382,-0.749910,-0.888103,-0.004144,-0.889409,0.878047,-0.006402
-0.853251,0.870615,0.003758,-0.752535,-0.845772,-0.006881,-0.857370,0.840537,-0.009988
0.015580,-0.020091,-0.874525,0.306850,0.029424,0.847682,0.011854,-0.031274,0.847174
-0.065713,0.057005,0.021620,-0.131825,-0.061909,-0.032721,-0.037508,0.055779,-0.045083
0.010216,-0.001716,-0.187930,-0.068405,0.013552,0.092002,0.030902,-0.025152,0.081714

