-0.024513
0.751627
-1.047142
-0.024439
-0.335103
0.060660
0.076425
0.709649
-0.032801
-0.021040
-0.333634
-1.299085
-1.301527
0.145304
-1.297837
-0.015480
0.072991
0.085467
0.030069
0.097070
-0.027463
0.605636
0.877664
0.084869
-0.863271
0.101783
-0.197764
-0.027785
0.731409
-0.027329
0.056375
0.096799
0.057964
0.082538
-0.859757
-0.044676
0.887750
-0.861614
-0.799557
-0.019271
0.891783
-0.801268
-0.031309
-0.016747
0.069075
-0.044996
0.891389
-0.038284
-0.026317

-0.019034
0.510816
-0.760132
-0.018976
-0.267054
0.041012
0.051868
0.501535
-0.025569
-0.016324
-0.265940
-0.845854
-0.846514
0.097116
-0.845517
-0.011850
0.050261
0.053323
0.022408
0.059117
-0.021358
0.472465
0.504038
0.053053
-0.671828
0.061668
-0.159173
-0.021610
0.506605
-0.021251
0.037955
0.058982
0.039018
0.052057
-0.669930
-0.035332
0.506548
-0.670926
-0.636655
-0.014939
0.507595
-0.637630
-0.024368
-0.012966
0.046354
-0.035616
0.507190
-0.029941
-0.020454

0.031685
-0.552773
0.805521
0.031604
0.309413
-0.090732
-0.104821
-0.544621
0.029419
-0.040030
0.307777
0.932452
0.931161
-0.076742
0.931751
0.024611
-0.106735
-0.064075
-0.085821
-0.077903
0.034933
-0.498271
-0.547563
-0.064648
0.690460
-0.070537
0.153569
0.034547
-0.548429
0.032332
-0.003314
-0.078013
-0.004352
-0.077221
0.680039
0.035972
-0.550661
0.681232
0.660228
-0.041595
-0.552017
0.661153
0.028977
-0.044057
-0.014066
0.046619
-0.551797
-0.022979
0.033670

0.028483
-0.445187
0.615654
0.028411
0.276002
-0.081754
-0.094391
-0.440141
0.026490
-0.036458
0.274622
0.679271
0.678652
-0.068006
0.678949
0.022115
-0.096176
-0.057468
-0.077771
-0.069874
0.031402
-0.412685
-0.437039
-0.057987
0.548058
-0.063193
0.139760
0.031058
-0.443011
0.029075
-0.002947
-0.069975
-0.003870
-0.069355
0.541318
0.032421
-0.438995
0.542072
0.529122
-0.037882
-0.439854
0.529712
0.026088
-0.040117
-0.012506
0.041947
-0.439709
-0.020951
0.030267

